city,feature,method,bhattacharyya,jm_distance,chi2,chi2_p,cramers_v,separability
Avdiivka,s2__qa__cloud_freq__crossbattle,bhattacharyya,0.7914009690284729,1.093581199645996,,,,moderate
Avdiivka,s2__composite__b02__delta,bhattacharyya,0.0687798336148262,0.13293564319610596,,,,poor
Avdiivka,s2__composite__b02__post_winter_baseline,bhattacharyya,0.07556473463773727,0.14556050300598145,,,,poor
Avdiivka,s2__composite__b02__prebattle_baseline,bhattacharyya,0.031751614063978195,0.06250560283660889,,,,poor
Avdiivka,s2__composite__b02__winter_baseline,bhattacharyya,0.031751614063978195,0.06250560283660889,,,,poor
Avdiivka,s2__composite__b03__delta,bhattacharyya,0.07140159606933594,0.13782405853271484,,,,poor
Avdiivka,s2__composite__b03__post_winter_baseline,bhattacharyya,0.07198500633239746,0.13891029357910156,,,,poor
Avdiivka,s2__composite__b03__prebattle_baseline,bhattacharyya,0.01594051718711853,0.03162825107574463,,,,poor
Avdiivka,s2__composite__b03__winter_baseline,bhattacharyya,0.01594051718711853,0.03162825107574463,,,,poor
Avdiivka,s2__composite__b04__delta,bhattacharyya,0.07069963216781616,0.13651669025421143,,,,poor
Avdiivka,s2__composite__b04__post_winter_baseline,bhattacharyya,0.06601446121931076,0.12776541709899902,,,,poor
Avdiivka,s2__composite__b04__prebattle_baseline,bhattacharyya,0.018478253856301308,0.036617159843444824,,,,poor
Avdiivka,s2__composite__b04__winter_baseline,bhattacharyya,0.018478253856301308,0.036617159843444824,,,,poor
Avdiivka,s2__composite__b05__delta,bhattacharyya,0.04297758266329765,0.08413434028625488,,,,poor
Avdiivka,s2__composite__b05__post_winter_baseline,bhattacharyya,0.033327873796224594,0.06555736064910889,,,,poor
Avdiivka,s2__composite__b05__prebattle_baseline,bhattacharyya,0.07366397976875305,0.14203238487243652,,,,poor
Avdiivka,s2__composite__b05__winter_baseline,bhattacharyya,0.07366397976875305,0.14203238487243652,,,,poor
Avdiivka,s2__composite__b07__delta,bhattacharyya,0.05061447620391846,0.09870994091033936,,,,poor
Avdiivka,s2__composite__b07__post_winter_baseline,bhattacharyya,0.0353815034031868,0.0695258378982544,,,,poor
Avdiivka,s2__composite__b07__prebattle_baseline,bhattacharyya,0.08932527899742126,0.17090392112731934,,,,poor
Avdiivka,s2__composite__b07__winter_baseline,bhattacharyya,0.08932527899742126,0.17090392112731934,,,,poor
Avdiivka,s2__composite__b08__delta,bhattacharyya,0.081189826130867,0.15596258640289307,,,,poor
Avdiivka,s2__composite__b08__post_winter_baseline,bhattacharyya,0.052957531064748764,0.10315954685211182,,,,poor
Avdiivka,s2__composite__b08__prebattle_baseline,bhattacharyya,0.07309339940547943,0.14097213745117188,,,,poor
Avdiivka,s2__composite__b08__winter_baseline,bhattacharyya,0.07309339940547943,0.14097213745117188,,,,poor
Avdiivka,s2__composite__b11__delta,bhattacharyya,0.02654959261417389,0.05240046977996826,,,,poor
Avdiivka,s2__composite__b11__post_winter_baseline,bhattacharyya,0.038965024054050446,0.07643139362335205,,,,poor
Avdiivka,s2__composite__b11__prebattle_baseline,bhattacharyya,0.09026694297790527,0.17262566089630127,,,,poor
Avdiivka,s2__composite__b11__winter_baseline,bhattacharyya,0.09026694297790527,0.17262566089630127,,,,poor
Avdiivka,s2__composite__b12__delta,bhattacharyya,0.04772275313735008,0.09320390224456787,,,,poor
Avdiivka,s2__composite__b12__post_winter_baseline,bhattacharyya,0.021678216755390167,0.042889952659606934,,,,poor
Avdiivka,s2__composite__b12__prebattle_baseline,bhattacharyya,0.06953030824661255,0.13433623313903809,,,,poor
Avdiivka,s2__composite__b12__winter_baseline,bhattacharyya,0.06953030824661255,0.13433623313903809,,,,poor
Avdiivka,s2__composite__b8a__delta,bhattacharyya,0.05103142932057381,0.0995023250579834,,,,poor
Avdiivka,s2__composite__b8a__post_winter_baseline,bhattacharyya,0.0303740743547678,0.059834837913513184,,,,poor
Avdiivka,s2__composite__b8a__prebattle_baseline,bhattacharyya,0.10496179014444351,0.19928216934204102,,,,poor
Avdiivka,s2__composite__b8a__winter_baseline,bhattacharyya,0.10496179014444351,0.19928216934204102,,,,poor
Avdiivka,s2__composite__cire__delta,bhattacharyya,0.004838010296225548,0.00965273380279541,,,,poor
Avdiivka,s2__composite__cire__post_winter_baseline,bhattacharyya,0.05866004526615143,0.1139453649520874,,,,poor
Avdiivka,s2__composite__cire__prebattle_baseline,bhattacharyya,0.07496234029531479,0.14444303512573242,,,,poor
Avdiivka,s2__composite__cire__winter_baseline,bhattacharyya,0.07496234029531479,0.14444303512573242,,,,poor
Avdiivka,s2__composite__mndwi__delta,bhattacharyya,0.01322158332914114,0.026269078254699707,,,,poor
Avdiivka,s2__composite__mndwi__post_winter_baseline,bhattacharyya,0.06957770884037018,0.13442468643188477,,,,poor
Avdiivka,s2__composite__mndwi__prebattle_baseline,bhattacharyya,0.07847490161657333,0.1509493589401245,,,,poor
Avdiivka,s2__composite__mndwi__winter_baseline,bhattacharyya,0.07847490161657333,0.1509493589401245,,,,poor
Avdiivka,s2__composite__ndbi__delta,bhattacharyya,0.037676818668842316,0.0739516019821167,,,,poor
Avdiivka,s2__composite__ndbi__post_winter_baseline,bhattacharyya,0.05394526571035385,0.10503208637237549,,,,poor
Avdiivka,s2__composite__ndbi__prebattle_baseline,bhattacharyya,0.0013139466755092144,0.002626180648803711,,,,poor
Avdiivka,s2__composite__ndbi__winter_baseline,bhattacharyya,0.0013139466755092144,0.002626180648803711,,,,poor
Avdiivka,s2__composite__ndre__delta,bhattacharyya,0.006493513472378254,0.012945055961608887,,,,poor
Avdiivka,s2__composite__ndre__post_winter_baseline,bhattacharyya,0.08108005672693253,0.15576040744781494,,,,poor
Avdiivka,s2__composite__ndre__prebattle_baseline,bhattacharyya,0.10380242019891739,0.19719326496124268,,,,poor
Avdiivka,s2__composite__ndre__winter_baseline,bhattacharyya,0.10380242019891739,0.19719326496124268,,,,poor
Avdiivka,s2__composite__ndvi__delta,bhattacharyya,0.015674389898777008,0.031104207038879395,,,,poor
Avdiivka,s2__composite__ndvi__post_winter_baseline,bhattacharyya,0.08376360684633255,0.16070270538330078,,,,poor
Avdiivka,s2__composite__ndvi__prebattle_baseline,bhattacharyya,0.09238521754741669,0.17649245262145996,,,,poor
Avdiivka,s2__composite__ndvi__winter_baseline,bhattacharyya,0.09238521754741669,0.17649245262145996,,,,poor
Avdiivka,s2__composite__ndwi__delta,bhattacharyya,0.015809059143066406,0.031369566917419434,,,,poor
Avdiivka,s2__composite__ndwi__post_winter_baseline,bhattacharyya,0.10098906606435776,0.1921142339706421,,,,poor
Avdiivka,s2__composite__ndwi__prebattle_baseline,bhattacharyya,0.11303072422742844,0.21375370025634766,,,,poor
Avdiivka,s2__composite__ndwi__winter_baseline,bhattacharyya,0.11303072422742844,0.21375370025634766,,,,poor
Avdiivka,s2__obs_count__delta,chi_square,,,10.105783580828097,0.038682976838975966,0.09230870370548816,poor
Avdiivka,s2__obs_count__post_winter_baseline,chi_square,,,0.16770279717533482,0.6821615264567982,0.011891258185200383,poor
Avdiivka,s2__obs_count__prebattle_baseline,chi_square,,,9.07600455973223,0.028297247354306148,0.08747924138116506,poor
Avdiivka,s2__obs_count__winter_baseline,chi_square,,,9.07600455973223,0.028297247354306148,0.08747924138116506,poor
Avdiivka,s2__qa__cloud_freq__postbattle,bhattacharyya,0.00034428262733854353,0.0006884336471557617,,,,poor
Avdiivka,s2__qa__cloud_freq__prebattle,bhattacharyya,0.014623850584030151,0.029034852981567383,,,,poor
Avdiivka,s2__visibility__clear__freq__crossbattle,bhattacharyya,0.012141736224293709,0.024136662483215332,,,,poor
Avdiivka,s2__visibility__clear__freq__postbattle,bhattacharyya,0.0001731923985062167,0.00034630298614501953,,,,poor
Avdiivka,s2__visibility__clear__freq__prebattle,bhattacharyya,0.018738551065325737,0.03712797164916992,,,,poor
Avdiivka,s2__visibility__cloud__freq__crossbattle,bhattacharyya,0.08213497698307037,0.15770471096038818,,,,poor
Avdiivka,s2__visibility__cloud__freq__postbattle,bhattacharyya,6.649595161434263e-05,0.00013303756713867188,,,,poor
Avdiivka,s2__visibility__cloud__freq__prebattle,bhattacharyya,0.014947340823709965,0.02967238426208496,,,,poor
Avdiivka,s2__visibility__fire__freq__crossbattle,bhattacharyya,,,,,,poor
Avdiivka,s2__visibility__fire__freq__postbattle,bhattacharyya,,,,,,poor
Avdiivka,s2__visibility__fire__freq__prebattle,bhattacharyya,,,,,,poor
Avdiivka,s2__visibility__smoke__freq__crossbattle,chi_square,,,0.03237290075644991,0.8572116771066994,0.005224544870440499,poor
Avdiivka,s2__visibility__smoke__freq__postbattle,bhattacharyya,0.07055000215768814,0.1362377405166626,,,,poor
Bucha,s2__composite__b02__delta,bhattacharyya,0.04032135382294655,0.07903838157653809,,,,poor
Bucha,s2__composite__b02__post_winter_baseline,bhattacharyya,0.1447288990020752,0.26948630809783936,,,,poor
Bucha,s2__composite__b02__prebattle_baseline,bhattacharyya,0.04833148419857025,0.09436428546905518,,,,poor
Bucha,s2__composite__b02__winter_baseline,bhattacharyya,0.04833148419857025,0.09436428546905518,,,,poor
Bucha,s2__composite__b03__delta,bhattacharyya,0.03787139058113098,0.0743265151977539,,,,poor
Bucha,s2__composite__b03__post_winter_baseline,bhattacharyya,0.14698432385921478,0.27338504791259766,,,,poor
Bucha,s2__composite__b03__prebattle_baseline,bhattacharyya,0.04322022944688797,0.08459913730621338,,,,poor
Bucha,s2__composite__b03__winter_baseline,bhattacharyya,0.04322022944688797,0.08459913730621338,,,,poor
Bucha,s2__composite__b04__delta,bhattacharyya,0.039718154817819595,0.07787942886352539,,,,poor
Bucha,s2__composite__b04__post_winter_baseline,bhattacharyya,0.10398471355438232,0.19752180576324463,,,,poor
Bucha,s2__composite__b04__prebattle_baseline,bhattacharyya,0.045358188450336456,0.08868968486785889,,,,poor
Bucha,s2__composite__b04__winter_baseline,bhattacharyya,0.045358188450336456,0.08868968486785889,,,,poor
Bucha,s2__composite__b05__delta,bhattacharyya,0.028109343722462654,0.055435895919799805,,,,poor
Bucha,s2__composite__b05__post_winter_baseline,bhattacharyya,0.0549066886305809,0.10685312747955322,,,,poor
Bucha,s2__composite__b05__prebattle_baseline,bhattacharyya,0.02392338030040264,0.0472790002822876,,,,poor
Bucha,s2__composite__b05__winter_baseline,bhattacharyya,0.02392338030040264,0.0472790002822876,,,,poor
Bucha,s2__composite__b07__delta,bhattacharyya,0.03480680659413338,0.06841599941253662,,,,poor
Bucha,s2__composite__b07__post_winter_baseline,bhattacharyya,0.01854616031050682,0.03675055503845215,,,,poor
Bucha,s2__composite__b07__prebattle_baseline,bhattacharyya,0.021311506628990173,0.04217207431793213,,,,poor
Bucha,s2__composite__b07__winter_baseline,bhattacharyya,0.021311506628990173,0.04217207431793213,,,,poor
Bucha,s2__composite__b08__delta,bhattacharyya,0.042651355266571045,0.08350908756256104,,,,poor
Bucha,s2__composite__b08__post_winter_baseline,bhattacharyya,0.02225393056869507,0.044016242027282715,,,,poor
Bucha,s2__composite__b08__prebattle_baseline,bhattacharyya,0.03250376135110855,0.06396234035491943,,,,poor
Bucha,s2__composite__b08__winter_baseline,bhattacharyya,0.03250376135110855,0.06396234035491943,,,,poor
Bucha,s2__composite__b11__delta,bhattacharyya,0.007376836612820625,0.014699339866638184,,,,poor
Bucha,s2__composite__b11__post_winter_baseline,bhattacharyya,0.020322740077972412,0.040235280990600586,,,,poor
Bucha,s2__composite__b11__prebattle_baseline,bhattacharyya,0.02030441164970398,0.0401993989944458,,,,poor
Bucha,s2__composite__b11__winter_baseline,bhattacharyya,0.02030441164970398,0.0401993989944458,,,,poor
Bucha,s2__composite__b12__delta,bhattacharyya,0.005068543367087841,0.010111570358276367,,,,poor
Bucha,s2__composite__b12__post_winter_baseline,bhattacharyya,0.02684921771287918,0.052983999252319336,,,,poor
Bucha,s2__composite__b12__prebattle_baseline,bhattacharyya,0.015817442908883095,0.03138601779937744,,,,poor
Bucha,s2__composite__b12__winter_baseline,bhattacharyya,0.015817442908883095,0.03138601779937744,,,,poor
Bucha,s2__composite__b8a__delta,bhattacharyya,0.030795864760875702,0.060653090476989746,,,,poor
Bucha,s2__composite__b8a__post_winter_baseline,bhattacharyya,0.008759926073253155,0.017443418502807617,,,,poor
Bucha,s2__composite__b8a__prebattle_baseline,bhattacharyya,0.016378993168473244,0.032491087913513184,,,,poor
Bucha,s2__composite__b8a__winter_baseline,bhattacharyya,0.016378993168473244,0.032491087913513184,,,,poor
Bucha,s2__composite__cire__delta,bhattacharyya,0.01347329095005989,0.026765823364257812,,,,poor
Bucha,s2__composite__cire__post_winter_baseline,bhattacharyya,0.026454318314790726,0.052214860916137695,,,,poor
Bucha,s2__composite__cire__prebattle_baseline,bhattacharyya,0.016680605709552765,0.03308451175689697,,,,poor
Bucha,s2__composite__cire__winter_baseline,bhattacharyya,0.016680605709552765,0.03308451175689697,,,,poor
Bucha,s2__composite__mndwi__delta,bhattacharyya,0.00633149454370141,0.012622833251953125,,,,poor
Bucha,s2__composite__mndwi__post_winter_baseline,bhattacharyya,0.03777707368135452,0.07414472103118896,,,,poor
Bucha,s2__composite__mndwi__prebattle_baseline,bhattacharyya,0.020349940285086632,0.040288567543029785,,,,poor
Bucha,s2__composite__mndwi__winter_baseline,bhattacharyya,0.020349940285086632,0.040288567543029785,,,,poor
Bucha,s2__composite__ndbi__delta,bhattacharyya,0.01572837494313717,0.031210660934448242,,,,poor
Bucha,s2__composite__ndbi__post_winter_baseline,bhattacharyya,0.0003967337543144822,0.0007933378219604492,,,,poor
Bucha,s2__composite__ndbi__prebattle_baseline,bhattacharyya,0.013405909761786461,0.02663290500640869,,,,poor
Bucha,s2__composite__ndbi__winter_baseline,bhattacharyya,0.013405909761786461,0.02663290500640869,,,,poor
Bucha,s2__composite__ndre__delta,bhattacharyya,0.012334504164755344,0.024517416954040527,,,,poor
Bucha,s2__composite__ndre__post_winter_baseline,bhattacharyya,0.029261939227581024,0.057675838470458984,,,,poor
Bucha,s2__composite__ndre__prebattle_baseline,bhattacharyya,0.0149832833558321,0.029743313789367676,,,,poor
Bucha,s2__composite__ndre__winter_baseline,bhattacharyya,0.0149832833558321,0.029743313789367676,,,,poor
Bucha,s2__composite__ndvi__delta,bhattacharyya,0.017401259392499924,0.03450143337249756,,,,poor
Bucha,s2__composite__ndvi__post_winter_baseline,bhattacharyya,0.036345429718494415,0.07138574123382568,,,,poor
Bucha,s2__composite__ndvi__prebattle_baseline,bhattacharyya,0.030659958720207214,0.06038951873779297,,,,poor
Bucha,s2__composite__ndvi__winter_baseline,bhattacharyya,0.030659958720207214,0.06038951873779297,,,,poor
Bucha,s2__composite__ndwi__delta,bhattacharyya,0.02000979706645012,0.039621829986572266,,,,poor
Bucha,s2__composite__ndwi__post_winter_baseline,bhattacharyya,0.02831525169312954,0.05583631992340088,,,,poor
Bucha,s2__composite__ndwi__prebattle_baseline,bhattacharyya,0.004734172485768795,0.009446024894714355,,,,poor
Bucha,s2__composite__ndwi__winter_baseline,bhattacharyya,0.004734172485768795,0.009446024894714355,,,,poor
Bucha,s2__obs_count__delta,chi_square,,,0.3449630687981285,0.5569783580931289,0.014406908290714872,poor
Bucha,s2__obs_count__prebattle_baseline,chi_square,,,0.34496306879812855,0.5569783580931289,0.014406908290714872,poor
Bucha,s2__obs_count__winter_baseline,chi_square,,,0.34496306879812855,0.5569783580931289,0.014406908290714872,poor
Bucha,s2__qa__cloud_freq__crossbattle,bhattacharyya,0.15305683016777039,0.28383803367614746,,,,poor
Bucha,s2__qa__cloud_freq__postbattle,bhattacharyya,0.0020927845034748316,0.0041811466217041016,,,,poor
Bucha,s2__qa__cloud_freq__prebattle,bhattacharyya,0.02233930677175522,0.04418337345123291,,,,poor
Bucha,s2__visibility__clear__freq__crossbattle,bhattacharyya,0.055361900478601456,0.10771465301513672,,,,poor
Bucha,s2__visibility__clear__freq__postbattle,bhattacharyya,0.00022782522137276828,0.00045561790466308594,,,,poor
Bucha,s2__visibility__clear__freq__prebattle,bhattacharyya,0.007529894821345806,0.015003204345703125,,,,poor
Bucha,s2__visibility__cloud__freq__crossbattle,bhattacharyya,0.0394621305167675,0.07738721370697021,,,,poor
Bucha,s2__visibility__cloud__freq__postbattle,bhattacharyya,0.0015618880279362202,0.0031212568283081055,,,,poor
Bucha,s2__visibility__cloud__freq__prebattle,bhattacharyya,0.00240829074755311,0.004810690879821777,,,,poor
Bucha,s2__visibility__fire__freq__crossbattle,bhattacharyya,0.06571801751852036,0.12721037864685059,,,,poor
Bucha,s2__visibility__fire__freq__postbattle,bhattacharyya,0.05088425055146217,0.09922266006469727,,,,poor
Bucha,s2__visibility__fire__freq__prebattle,bhattacharyya,0.025326672941446304,0.050017356872558594,,,,poor
Bucha,s2__visibility__smoke__freq__postbattle,bhattacharyya,0.0007989807054400444,0.001597285270690918,,,,poor
Bucha,s2__visibility__smoke__freq__prebattle,chi_square,,,0.5302336897048907,0.9122007297516628,0.017861509108816606,poor
Chernihiv,s2__composite__b02__delta,bhattacharyya,0.001434200443327427,0.002866506576538086,,,,poor
Chernihiv,s2__composite__b02__post_winter_baseline,bhattacharyya,0.0009759195381775498,0.0019508600234985352,,,,poor
Chernihiv,s2__composite__b02__prebattle_baseline,bhattacharyya,0.06250377744436264,0.12118101119995117,,,,poor
Chernihiv,s2__composite__b02__winter_baseline,bhattacharyya,0.06250377744436264,0.12118101119995117,,,,poor
Chernihiv,s2__composite__b03__delta,bhattacharyya,0.0012934511760249734,0.002585291862487793,,,,poor
Chernihiv,s2__composite__b03__post_winter_baseline,bhattacharyya,0.0005959301488474011,0.0011914968490600586,,,,poor
Chernihiv,s2__composite__b03__prebattle_baseline,bhattacharyya,0.06095557659864426,0.11827003955841064,,,,poor
Chernihiv,s2__composite__b03__winter_baseline,bhattacharyya,0.06095557659864426,0.11827003955841064,,,,poor
Chernihiv,s2__composite__b04__delta,bhattacharyya,0.0008669885573908687,0.0017334222793579102,,,,poor
Chernihiv,s2__composite__b04__post_winter_baseline,bhattacharyya,0.0005993787781335413,0.001198410987854004,,,,poor
Chernihiv,s2__composite__b04__prebattle_baseline,bhattacharyya,0.04498183727264404,0.08797025680541992,,,,poor
Chernihiv,s2__composite__b04__winter_baseline,bhattacharyya,0.04498183727264404,0.08797025680541992,,,,poor
Chernihiv,s2__composite__b05__delta,bhattacharyya,9.00497761904262e-05,0.0001800060272216797,,,,poor
Chernihiv,s2__composite__b05__post_winter_baseline,bhattacharyya,0.00038726715138182044,0.000774383544921875,,,,poor
Chernihiv,s2__composite__b05__prebattle_baseline,bhattacharyya,0.018164796754717827,0.03600168228149414,,,,poor
Chernihiv,s2__composite__b05__winter_baseline,bhattacharyya,0.018164796754717827,0.03600168228149414,,,,poor
Chernihiv,s2__composite__b07__delta,bhattacharyya,0.00012967766087967902,0.0002592802047729492,,,,poor
Chernihiv,s2__composite__b07__post_winter_baseline,bhattacharyya,0.00010704316082410514,0.00021398067474365234,,,,poor
Chernihiv,s2__composite__b07__prebattle_baseline,bhattacharyya,0.009561440907418728,0.019031763076782227,,,,poor
Chernihiv,s2__composite__b07__winter_baseline,bhattacharyya,0.009561440907418728,0.019031763076782227,,,,poor
Chernihiv,s2__composite__b08__delta,bhattacharyya,0.0013955438043922186,0.0027892589569091797,,,,poor
Chernihiv,s2__composite__b08__post_winter_baseline,bhattacharyya,0.0016925325617194176,0.0033822059631347656,,,,poor
Chernihiv,s2__composite__b08__prebattle_baseline,bhattacharyya,0.012611237354576588,0.02506399154663086,,,,poor
Chernihiv,s2__composite__b08__winter_baseline,bhattacharyya,0.012611237354576588,0.02506399154663086,,,,poor
Chernihiv,s2__composite__b11__delta,bhattacharyya,0.00015914783580228686,0.00031828880310058594,,,,poor
Chernihiv,s2__composite__b11__post_winter_baseline,bhattacharyya,6.974485131649999e-06,1.3947486877441406e-05,,,,poor
Chernihiv,s2__composite__b11__prebattle_baseline,bhattacharyya,0.006941602565348148,0.01383507251739502,,,,poor
Chernihiv,s2__composite__b11__winter_baseline,bhattacharyya,0.006941602565348148,0.01383507251739502,,,,poor
Chernihiv,s2__composite__b12__delta,bhattacharyya,0.00026440710644237697,0.0005286931991577148,,,,poor
Chernihiv,s2__composite__b12__post_winter_baseline,bhattacharyya,0.00020001790835522115,0.0003999471664428711,,,,poor
Chernihiv,s2__composite__b12__prebattle_baseline,bhattacharyya,0.00952411163598299,0.01895773410797119,,,,poor
Chernihiv,s2__composite__b12__winter_baseline,bhattacharyya,0.00952411163598299,0.01895773410797119,,,,poor
Chernihiv,s2__composite__b8a__delta,bhattacharyya,0.00011524079309310764,0.00023043155670166016,,,,poor
Chernihiv,s2__composite__b8a__post_winter_baseline,bhattacharyya,0.0002293717989232391,0.00045883655548095703,,,,poor
Chernihiv,s2__composite__b8a__prebattle_baseline,bhattacharyya,0.007526612374931574,0.014996767044067383,,,,poor
Chernihiv,s2__composite__b8a__winter_baseline,bhattacharyya,0.007526612374931574,0.014996767044067383,,,,poor
Chernihiv,s2__composite__cire__delta,bhattacharyya,0.004831412807106972,0.009639620780944824,,,,poor
Chernihiv,s2__composite__cire__post_winter_baseline,bhattacharyya,0.01020614430308342,0.020308375358581543,,,,poor
Chernihiv,s2__composite__cire__prebattle_baseline,bhattacharyya,0.0175480954349041,0.0347900390625,,,,poor
Chernihiv,s2__composite__cire__winter_baseline,bhattacharyya,0.0175480954349041,0.0347900390625,,,,poor
Chernihiv,s2__composite__mndwi__delta,bhattacharyya,0.008136708289384842,0.016207337379455566,,,,poor
Chernihiv,s2__composite__mndwi__post_winter_baseline,bhattacharyya,0.002610732801258564,0.005214691162109375,,,,poor
Chernihiv,s2__composite__mndwi__prebattle_baseline,bhattacharyya,0.043112315237522125,0.08439242839813232,,,,poor
Chernihiv,s2__composite__mndwi__winter_baseline,bhattacharyya,0.043112315237522125,0.08439242839813232,,,,poor
Chernihiv,s2__composite__ndbi__delta,bhattacharyya,0.014652414247393608,0.029091238975524902,,,,poor
Chernihiv,s2__composite__ndbi__post_winter_baseline,bhattacharyya,0.019548967480659485,0.03871810436248779,,,,poor
Chernihiv,s2__composite__ndbi__prebattle_baseline,bhattacharyya,0.0007916473550722003,0.0015826225280761719,,,,poor
Chernihiv,s2__composite__ndbi__winter_baseline,bhattacharyya,0.0007916473550722003,0.0015826225280761719,,,,poor
Chernihiv,s2__composite__ndre__delta,bhattacharyya,0.0026756038423627615,0.005343914031982422,,,,poor
Chernihiv,s2__composite__ndre__post_winter_baseline,bhattacharyya,0.009757917374372482,0.019420981407165527,,,,poor
Chernihiv,s2__composite__ndre__prebattle_baseline,bhattacharyya,0.025070611387491226,0.04951786994934082,,,,poor
Chernihiv,s2__composite__ndre__winter_baseline,bhattacharyya,0.025070611387491226,0.04951786994934082,,,,poor
Chernihiv,s2__composite__ndvi__delta,bhattacharyya,0.002583141205832362,0.005159735679626465,,,,poor
Chernihiv,s2__composite__ndvi__post_winter_baseline,bhattacharyya,0.02091919258236885,0.041403889656066895,,,,poor
Chernihiv,s2__composite__ndvi__prebattle_baseline,bhattacharyya,0.030516447499394417,0.060111045837402344,,,,poor
Chernihiv,s2__composite__ndvi__winter_baseline,bhattacharyya,0.030516447499394417,0.060111045837402344,,,,poor
Chernihiv,s2__composite__ndwi__delta,bhattacharyya,0.0024204023648053408,0.004834890365600586,,,,poor
Chernihiv,s2__composite__ndwi__post_winter_baseline,bhattacharyya,0.020638182759284973,0.040853261947631836,,,,poor
Chernihiv,s2__composite__ndwi__prebattle_baseline,bhattacharyya,0.03446408733725548,0.06775403022766113,,,,poor
Chernihiv,s2__composite__ndwi__winter_baseline,bhattacharyya,0.03446408733725548,0.06775403022766113,,,,poor
Chernihiv,s2__obs_count__delta,chi_square,,,2.512214635472754,0.11296707713214985,0.029900276932939274,poor
Chernihiv,s2__qa__cloud_freq__crossbattle,bhattacharyya,0.00212633004412055,0.00424802303314209,,,,poor
Chernihiv,s2__qa__cloud_freq__postbattle,bhattacharyya,0.0007271115318872035,0.0014537572860717773,,,,poor
Chernihiv,s2__qa__cloud_freq__prebattle,bhattacharyya,0.0051429178565740585,0.010259509086608887,,,,poor
Chernihiv,s2__visibility__clear__freq__crossbattle,bhattacharyya,0.018034199252724648,0.03574502468109131,,,,poor
Chernihiv,s2__visibility__clear__freq__postbattle,bhattacharyya,0.00012061918096151203,0.00024116039276123047,,,,poor
Chernihiv,s2__visibility__clear__freq__prebattle,bhattacharyya,0.028726967051625252,0.05663657188415527,,,,poor
Chernihiv,s2__visibility__cloud__freq__crossbattle,bhattacharyya,0.013119523413479328,0.026067614555358887,,,,poor
Chernihiv,s2__visibility__cloud__freq__postbattle,bhattacharyya,0.0003123270580545068,0.0006247758865356445,,,,poor
Chernihiv,s2__visibility__cloud__freq__prebattle,bhattacharyya,5.723972208215855e-06,1.1444091796875e-05,,,,poor
Chernihiv,s2__visibility__fire__freq__crossbattle,bhattacharyya,0.022536229342222214,0.04456830024719238,,,,poor
Chernihiv,s2__visibility__fire__freq__postbattle,bhattacharyya,0.6738816499710083,0.9805476665496826,,,,poor
Chernihiv,s2__visibility__fire__freq__prebattle,bhattacharyya,,,,,,poor
Chernihiv,s2__visibility__smoke__freq__postbattle,bhattacharyya,0.025056255981326103,0.04948997497558594,,,,poor
Chernihiv,s2__visibility__smoke__freq__prebattle,chi_square,,,0.21406375050010837,0.8984970327162592,0.0087280737073313,poor
Chornobaivka,s2__visibility__clear__freq__crossbattle,bhattacharyya,0.8256953358650208,1.1241391897201538,,,,moderate
Chornobaivka,s2__visibility__fire__freq__crossbattle,bhattacharyya,0.825695276260376,1.1241390705108643,,,,moderate
Chornobaivka,s2__composite__b02__delta,bhattacharyya,0.05089946091175079,0.09925150871276855,,,,poor
Chornobaivka,s2__composite__b02__post_winter_baseline,bhattacharyya,0.046656522899866104,0.09116971492767334,,,,poor
Chornobaivka,s2__composite__b02__prebattle_baseline,bhattacharyya,0.10765334963798523,0.2041224241256714,,,,poor
Chornobaivka,s2__composite__b02__winter_baseline,bhattacharyya,0.10765334963798523,0.2041224241256714,,,,poor
Chornobaivka,s2__composite__b03__delta,bhattacharyya,0.023206856101751328,0.04587912559509277,,,,poor
Chornobaivka,s2__composite__b03__post_winter_baseline,bhattacharyya,0.007825407199561596,0.015589714050292969,,,,poor
Chornobaivka,s2__composite__b03__prebattle_baseline,bhattacharyya,0.07175755500793457,0.13848698139190674,,,,poor
Chornobaivka,s2__composite__b03__winter_baseline,bhattacharyya,0.07175755500793457,0.13848698139190674,,,,poor
Chornobaivka,s2__composite__b04__delta,bhattacharyya,0.013920469209551811,0.027647972106933594,,,,poor
Chornobaivka,s2__composite__b04__post_winter_baseline,bhattacharyya,0.006403607781976461,0.012766480445861816,,,,poor
Chornobaivka,s2__composite__b04__prebattle_baseline,bhattacharyya,0.06482404470443726,0.125535249710083,,,,poor
Chornobaivka,s2__composite__b04__winter_baseline,bhattacharyya,0.06482404470443726,0.125535249710083,,,,poor
Chornobaivka,s2__composite__b05__delta,bhattacharyya,0.008742257952690125,0.017408370971679688,,,,poor
Chornobaivka,s2__composite__b05__post_winter_baseline,bhattacharyya,0.00465040048584342,0.009279251098632812,,,,poor
Chornobaivka,s2__composite__b05__prebattle_baseline,bhattacharyya,0.005087574943900108,0.010149240493774414,,,,poor
Chornobaivka,s2__composite__b05__winter_baseline,bhattacharyya,0.005087574943900108,0.010149240493774414,,,,poor
Chornobaivka,s2__composite__b07__delta,bhattacharyya,0.02491336688399315,0.04921114444732666,,,,poor
Chornobaivka,s2__composite__b07__post_winter_baseline,bhattacharyya,0.045150063931941986,0.08829188346862793,,,,poor
Chornobaivka,s2__composite__b07__prebattle_baseline,bhattacharyya,0.005842774175107479,0.011651396751403809,,,,poor
Chornobaivka,s2__composite__b07__winter_baseline,bhattacharyya,0.005842774175107479,0.011651396751403809,,,,poor
Chornobaivka,s2__composite__b08__delta,bhattacharyya,0.01579083316028118,0.0313335657119751,,,,poor
Chornobaivka,s2__composite__b08__post_winter_baseline,bhattacharyya,0.040765732526779175,0.07989203929901123,,,,poor
Chornobaivka,s2__composite__b08__prebattle_baseline,bhattacharyya,0.016642233356833458,0.03300917148590088,,,,poor
Chornobaivka,s2__composite__b08__winter_baseline,bhattacharyya,0.016642233356833458,0.03300917148590088,,,,poor
Chornobaivka,s2__composite__b11__delta,bhattacharyya,0.037626806646585464,0.07385551929473877,,,,poor
Chornobaivka,s2__composite__b11__post_winter_baseline,bhattacharyya,0.0034609041176736355,0.006909847259521484,,,,poor
Chornobaivka,s2__composite__b11__prebattle_baseline,bhattacharyya,0.03251754492521286,0.06398904323577881,,,,poor
Chornobaivka,s2__composite__b11__winter_baseline,bhattacharyya,0.03251754492521286,0.06398904323577881,,,,poor
Chornobaivka,s2__composite__b12__delta,bhattacharyya,0.07658295333385468,0.14744794368743896,,,,poor
Chornobaivka,s2__composite__b12__post_winter_baseline,bhattacharyya,0.00638163648545742,0.012722611427307129,,,,poor
Chornobaivka,s2__composite__b12__prebattle_baseline,bhattacharyya,0.02815230004489422,0.05551934242248535,,,,poor
Chornobaivka,s2__composite__b12__winter_baseline,bhattacharyya,0.02815230004489422,0.05551934242248535,,,,poor
Chornobaivka,s2__composite__b8a__delta,bhattacharyya,0.024211086332798004,0.04784059524536133,,,,poor
Chornobaivka,s2__composite__b8a__post_winter_baseline,bhattacharyya,0.03398345410823822,0.0668250322341919,,,,poor
Chornobaivka,s2__composite__b8a__prebattle_baseline,bhattacharyya,0.009794116020202637,0.019492506980895996,,,,poor
Chornobaivka,s2__composite__b8a__winter_baseline,bhattacharyya,0.009794116020202637,0.019492506980895996,,,,poor
Chornobaivka,s2__composite__cire__delta,bhattacharyya,0.018623171374201775,0.03690159320831299,,,,poor
Chornobaivka,s2__composite__cire__post_winter_baseline,bhattacharyya,0.030642526224255562,0.060355544090270996,,,,poor
Chornobaivka,s2__composite__cire__prebattle_baseline,bhattacharyya,0.011787446215748787,0.023436427116394043,,,,poor
Chornobaivka,s2__composite__cire__winter_baseline,bhattacharyya,0.011787446215748787,0.023436427116394043,,,,poor
Chornobaivka,s2__composite__mndwi__delta,bhattacharyya,0.01399332843720913,0.027791619300842285,,,,poor
Chornobaivka,s2__composite__mndwi__post_winter_baseline,bhattacharyya,0.062285926192998886,0.12077164649963379,,,,poor
Chornobaivka,s2__composite__mndwi__prebattle_baseline,bhattacharyya,0.14629670977592468,0.2721973657608032,,,,poor
Chornobaivka,s2__composite__mndwi__winter_baseline,bhattacharyya,0.14629670977592468,0.2721973657608032,,,,poor
Chornobaivka,s2__composite__ndbi__delta,bhattacharyya,0.03058536723256111,0.06024467945098877,,,,poor
Chornobaivka,s2__composite__ndbi__post_winter_baseline,bhattacharyya,0.034750357270240784,0.06830716133117676,,,,poor
Chornobaivka,s2__composite__ndbi__prebattle_baseline,bhattacharyya,0.03302732855081558,0.06497573852539062,,,,poor
Chornobaivka,s2__composite__ndbi__winter_baseline,bhattacharyya,0.03302732855081558,0.06497573852539062,,,,poor
Chornobaivka,s2__composite__ndre__delta,bhattacharyya,0.00310585368424654,0.006202220916748047,,,,poor
Chornobaivka,s2__composite__ndre__post_winter_baseline,bhattacharyya,0.00746174855157733,0.014867901802062988,,,,poor
Chornobaivka,s2__composite__ndre__prebattle_baseline,bhattacharyya,0.007060653064399958,0.01407158374786377,,,,poor
Chornobaivka,s2__composite__ndre__winter_baseline,bhattacharyya,0.007060653064399958,0.01407158374786377,,,,poor
Chornobaivka,s2__composite__ndvi__delta,bhattacharyya,0.054940931499004364,0.1069178581237793,,,,poor
Chornobaivka,s2__composite__ndvi__post_winter_baseline,bhattacharyya,0.011805690824985504,0.02347266674041748,,,,poor
Chornobaivka,s2__composite__ndvi__prebattle_baseline,bhattacharyya,0.04409040883183479,0.086264967918396,,,,poor
Chornobaivka,s2__composite__ndvi__winter_baseline,bhattacharyya,0.04409040883183479,0.086264967918396,,,,poor
Chornobaivka,s2__composite__ndwi__delta,bhattacharyya,0.14101147651672363,0.26304125785827637,,,,poor
Chornobaivka,s2__composite__ndwi__post_winter_baseline,bhattacharyya,0.006341471336781979,0.012642621994018555,,,,poor
Chornobaivka,s2__composite__ndwi__prebattle_baseline,bhattacharyya,0.009796366095542908,0.019496917724609375,,,,poor
Chornobaivka,s2__composite__ndwi__winter_baseline,bhattacharyya,0.009796366095542908,0.019496917724609375,,,,poor
Chornobaivka,s2__qa__cloud_freq__crossbattle,bhattacharyya,,,,,,poor
Chornobaivka,s2__qa__cloud_freq__postbattle,bhattacharyya,,,,,,poor
Chornobaivka,s2__qa__cloud_freq__prebattle,bhattacharyya,,,,,,poor
Chornobaivka,s2__visibility__clear__freq__postbattle,bhattacharyya,,,,,,poor
Chornobaivka,s2__visibility__clear__freq__prebattle,bhattacharyya,0.15718379616737366,0.2909059524536133,,,,poor
Chornobaivka,s2__visibility__cloud__freq__crossbattle,bhattacharyya,,,,,,poor
Chornobaivka,s2__visibility__cloud__freq__postbattle,bhattacharyya,,,,,,poor
Chornobaivka,s2__visibility__cloud__freq__prebattle,bhattacharyya,,,,,,poor
Chornobaivka,s2__visibility__fire__freq__postbattle,bhattacharyya,,,,,,poor
Chornobaivka,s2__visibility__fire__freq__prebattle,bhattacharyya,0.15718378126621246,0.2909059524536133,,,,poor
Chornobaivka,s2__visibility__smoke__freq__postbattle,bhattacharyya,,,,,,poor
Dmytrivka,s2__obs_count__prebattle_baseline,chi_square,,,101.09236441543166,8.779266766544598e-24,0.17954410486466968,moderate
Dmytrivka,s2__obs_count__winter_baseline,chi_square,,,101.09236441543166,8.779266766544598e-24,0.17954410486466968,moderate
Dmytrivka,s2__composite__b02__delta,bhattacharyya,,,,,,poor
Dmytrivka,s2__composite__b02__post_winter_baseline,bhattacharyya,,,,,,poor
Dmytrivka,s2__composite__b02__prebattle_baseline,bhattacharyya,0.0405164510011673,0.07941329479217529,,,,poor
Dmytrivka,s2__composite__b02__winter_baseline,bhattacharyya,0.0405164510011673,0.07941329479217529,,,,poor
Dmytrivka,s2__composite__b03__delta,bhattacharyya,,,,,,poor
Dmytrivka,s2__composite__b03__post_winter_baseline,bhattacharyya,,,,,,poor
Dmytrivka,s2__composite__b03__prebattle_baseline,bhattacharyya,0.0391182005405426,0.07672584056854248,,,,poor
Dmytrivka,s2__composite__b03__winter_baseline,bhattacharyya,0.0391182005405426,0.07672584056854248,,,,poor
Dmytrivka,s2__composite__b04__delta,bhattacharyya,,,,,,poor
Dmytrivka,s2__composite__b04__post_winter_baseline,bhattacharyya,,,,,,poor
Dmytrivka,s2__composite__b04__prebattle_baseline,bhattacharyya,0.037919651716947556,0.07441937923431396,,,,poor
Dmytrivka,s2__composite__b04__winter_baseline,bhattacharyya,0.037919651716947556,0.07441937923431396,,,,poor
Dmytrivka,s2__composite__b05__delta,bhattacharyya,,,,,,poor
Dmytrivka,s2__composite__b05__post_winter_baseline,bhattacharyya,,,,,,poor
Dmytrivka,s2__composite__b05__prebattle_baseline,bhattacharyya,0.015822812914848328,0.03139662742614746,,,,poor
Dmytrivka,s2__composite__b05__winter_baseline,bhattacharyya,0.015822812914848328,0.03139662742614746,,,,poor
Dmytrivka,s2__composite__b07__delta,bhattacharyya,,,,,,poor
Dmytrivka,s2__composite__b07__post_winter_baseline,bhattacharyya,,,,,,poor
Dmytrivka,s2__composite__b07__prebattle_baseline,bhattacharyya,0.012732826173305511,0.025304079055786133,,,,poor
Dmytrivka,s2__composite__b07__winter_baseline,bhattacharyya,0.012732826173305511,0.025304079055786133,,,,poor
Dmytrivka,s2__composite__b08__delta,bhattacharyya,,,,,,poor
Dmytrivka,s2__composite__b08__post_winter_baseline,bhattacharyya,,,,,,poor
Dmytrivka,s2__composite__b08__prebattle_baseline,bhattacharyya,0.02949593774974346,0.05813026428222656,,,,poor
Dmytrivka,s2__composite__b08__winter_baseline,bhattacharyya,0.02949593774974346,0.05813026428222656,,,,poor
Dmytrivka,s2__composite__b11__delta,bhattacharyya,,,,,,poor
Dmytrivka,s2__composite__b11__post_winter_baseline,bhattacharyya,,,,,,poor
Dmytrivka,s2__composite__b11__prebattle_baseline,bhattacharyya,0.017192525789141655,0.03409123420715332,,,,poor
Dmytrivka,s2__composite__b11__winter_baseline,bhattacharyya,0.017192525789141655,0.03409123420715332,,,,poor
Dmytrivka,s2__composite__b12__delta,bhattacharyya,,,,,,poor
Dmytrivka,s2__composite__b12__post_winter_baseline,bhattacharyya,,,,,,poor
Dmytrivka,s2__composite__b12__prebattle_baseline,bhattacharyya,0.014114448800683022,0.02803051471710205,,,,poor
Dmytrivka,s2__composite__b12__winter_baseline,bhattacharyya,0.014114448800683022,0.02803051471710205,,,,poor
Dmytrivka,s2__composite__b8a__delta,bhattacharyya,,,,,,poor
Dmytrivka,s2__composite__b8a__post_winter_baseline,bhattacharyya,,,,,,poor
Dmytrivka,s2__composite__b8a__prebattle_baseline,bhattacharyya,0.010533650405704975,0.020956754684448242,,,,poor
Dmytrivka,s2__composite__b8a__winter_baseline,bhattacharyya,0.010533650405704975,0.020956754684448242,,,,poor
Dmytrivka,s2__composite__cire__delta,bhattacharyya,,,,,,poor
Dmytrivka,s2__composite__cire__post_winter_baseline,bhattacharyya,,,,,,poor
Dmytrivka,s2__composite__cire__prebattle_baseline,bhattacharyya,0.001963069662451744,0.0039223432540893555,,,,poor
Dmytrivka,s2__composite__cire__winter_baseline,bhattacharyya,0.001963069662451744,0.0039223432540893555,,,,poor
Dmytrivka,s2__composite__mndwi__delta,bhattacharyya,,,,,,poor
Dmytrivka,s2__composite__mndwi__post_winter_baseline,bhattacharyya,,,,,,poor
Dmytrivka,s2__composite__mndwi__prebattle_baseline,bhattacharyya,0.01610361598432064,0.03194916248321533,,,,poor
Dmytrivka,s2__composite__mndwi__winter_baseline,bhattacharyya,0.01610361598432064,0.03194916248321533,,,,poor
Dmytrivka,s2__composite__ndbi__delta,bhattacharyya,,,,,,poor
Dmytrivka,s2__composite__ndbi__post_winter_baseline,bhattacharyya,,,,,,poor
Dmytrivka,s2__composite__ndbi__prebattle_baseline,bhattacharyya,0.011477182619273663,0.022823095321655273,,,,poor
Dmytrivka,s2__composite__ndbi__winter_baseline,bhattacharyya,0.011477182619273663,0.022823095321655273,,,,poor
Dmytrivka,s2__composite__ndre__delta,bhattacharyya,,,,,,poor
Dmytrivka,s2__composite__ndre__post_winter_baseline,bhattacharyya,,,,,,poor
Dmytrivka,s2__composite__ndre__prebattle_baseline,bhattacharyya,0.0035210158675909042,0.0070296525955200195,,,,poor
Dmytrivka,s2__composite__ndre__winter_baseline,bhattacharyya,0.0035210158675909042,0.0070296525955200195,,,,poor
Dmytrivka,s2__composite__ndvi__delta,bhattacharyya,,,,,,poor
Dmytrivka,s2__composite__ndvi__post_winter_baseline,bhattacharyya,,,,,,poor
Dmytrivka,s2__composite__ndvi__prebattle_baseline,bhattacharyya,0.010122857987880707,0.020143747329711914,,,,poor
Dmytrivka,s2__composite__ndvi__winter_baseline,bhattacharyya,0.010122857987880707,0.020143747329711914,,,,poor
Dmytrivka,s2__composite__ndwi__delta,bhattacharyya,,,,,,poor
Dmytrivka,s2__composite__ndwi__post_winter_baseline,bhattacharyya,,,,,,poor
Dmytrivka,s2__composite__ndwi__prebattle_baseline,bhattacharyya,0.005974821280688047,0.011913895606994629,,,,poor
Dmytrivka,s2__composite__ndwi__winter_baseline,bhattacharyya,0.005974821280688047,0.011913895606994629,,,,poor
Dmytrivka,s2__qa__cloud_freq__crossbattle,bhattacharyya,0.12480593472719193,0.23466360569000244,,,,poor
Dmytrivka,s2__qa__cloud_freq__postbattle,bhattacharyya,0.015583248808979988,0.03092479705810547,,,,poor
Dmytrivka,s2__qa__cloud_freq__prebattle,bhattacharyya,0.13593274354934692,0.25419723987579346,,,,poor
Dmytrivka,s2__visibility__clear__freq__crossbattle,bhattacharyya,0.03457728773355484,0.06797254085540771,,,,poor
Dmytrivka,s2__visibility__clear__freq__postbattle,bhattacharyya,0.0014227821957319975,0.002843499183654785,,,,poor
Dmytrivka,s2__visibility__clear__freq__prebattle,bhattacharyya,0.025973036885261536,0.05127739906311035,,,,poor
Dmytrivka,s2__visibility__cloud__freq__crossbattle,bhattacharyya,0.16567443311214447,0.30535590648651123,,,,poor
Dmytrivka,s2__visibility__cloud__freq__postbattle,bhattacharyya,0.0013958080671727657,0.002789616584777832,,,,poor
Dmytrivka,s2__visibility__cloud__freq__prebattle,bhattacharyya,0.03999772295355797,0.07841670513153076,,,,poor
Dmytrivka,s2__visibility__fire__freq__crossbattle,bhattacharyya,0.021533822640776634,0.04260718822479248,,,,poor
Dmytrivka,s2__visibility__fire__freq__postbattle,bhattacharyya,0.002768050879240036,0.005528450012207031,,,,poor
Dmytrivka,s2__visibility__fire__freq__prebattle,bhattacharyya,0.002768050879240036,0.005528450012207031,,,,poor
Dmytrivka,s2__visibility__smoke__freq__postbattle,bhattacharyya,0.0006571747362613678,0.001313924789428711,,,,poor
Dmytrivka,s2__visibility__smoke__freq__prebattle,chi_square,,,3.6286406356166876,0.304457104315812,0.03401605561229266,poor
Hostomel,s2__qa__cloud_freq__crossbattle,bhattacharyya,0.8658351302146912,1.158599853515625,,,,moderate
Hostomel,s2__composite__b02__delta,bhattacharyya,0.003992435522377491,0.007968902587890625,,,,poor
Hostomel,s2__composite__b02__post_winter_baseline,bhattacharyya,0.05344652757048607,0.10408687591552734,,,,poor
Hostomel,s2__composite__b02__prebattle_baseline,bhattacharyya,0.042079485952854156,0.08241283893585205,,,,poor
Hostomel,s2__composite__b02__winter_baseline,bhattacharyya,0.042079485952854156,0.08241283893585205,,,,poor
Hostomel,s2__composite__b03__delta,bhattacharyya,0.003144956659525633,0.006280183792114258,,,,poor
Hostomel,s2__composite__b03__post_winter_baseline,bhattacharyya,0.04059593379497528,0.07956600189208984,,,,poor
Hostomel,s2__composite__b03__prebattle_baseline,bhattacharyya,0.03953000158071518,0.07751774787902832,,,,poor
Hostomel,s2__composite__b03__winter_baseline,bhattacharyya,0.03953000158071518,0.07751774787902832,,,,poor
Hostomel,s2__composite__b04__delta,bhattacharyya,0.0029244408942759037,0.005840420722961426,,,,poor
Hostomel,s2__composite__b04__post_winter_baseline,bhattacharyya,0.037645842880010605,0.07389223575592041,,,,poor
Hostomel,s2__composite__b04__prebattle_baseline,bhattacharyya,0.033486589789390564,0.06586432456970215,,,,poor
Hostomel,s2__composite__b04__winter_baseline,bhattacharyya,0.033486589789390564,0.06586432456970215,,,,poor
Hostomel,s2__composite__b05__delta,bhattacharyya,0.001516213407739997,0.003029942512512207,,,,poor
Hostomel,s2__composite__b05__post_winter_baseline,bhattacharyya,0.02576242759823799,0.05086672306060791,,,,poor
Hostomel,s2__composite__b05__prebattle_baseline,bhattacharyya,0.017005998641252518,0.03372454643249512,,,,poor
Hostomel,s2__composite__b05__winter_baseline,bhattacharyya,0.017005998641252518,0.03372454643249512,,,,poor
Hostomel,s2__composite__b07__delta,bhattacharyya,0.001357169123366475,0.0027124881744384766,,,,poor
Hostomel,s2__composite__b07__post_winter_baseline,bhattacharyya,0.0032270937226712704,0.0064438581466674805,,,,poor
Hostomel,s2__composite__b07__prebattle_baseline,bhattacharyya,0.004755091387778521,0.009487628936767578,,,,poor
Hostomel,s2__composite__b07__winter_baseline,bhattacharyya,0.004755091387778521,0.009487628936767578,,,,poor
Hostomel,s2__composite__b08__delta,bhattacharyya,0.0004047922557219863,0.0008093118667602539,,,,poor
Hostomel,s2__composite__b08__post_winter_baseline,bhattacharyya,0.002990764332935214,0.005972623825073242,,,,poor
Hostomel,s2__composite__b08__prebattle_baseline,bhattacharyya,0.0034379311837255955,0.006864070892333984,,,,poor
Hostomel,s2__composite__b08__winter_baseline,bhattacharyya,0.0034379311837255955,0.006864070892333984,,,,poor
Hostomel,s2__composite__b11__delta,bhattacharyya,0.000673907867167145,0.0013473033905029297,,,,poor
Hostomel,s2__composite__b11__post_winter_baseline,bhattacharyya,0.012394275516271591,0.02463555335998535,,,,poor
Hostomel,s2__composite__b11__prebattle_baseline,bhattacharyya,0.010830924846231937,0.021544933319091797,,,,poor
Hostomel,s2__composite__b11__winter_baseline,bhattacharyya,0.010830924846231937,0.021544933319091797,,,,poor
Hostomel,s2__composite__b12__delta,bhattacharyya,0.0021116924472153187,0.004218935966491699,,,,poor
Hostomel,s2__composite__b12__post_winter_baseline,bhattacharyya,0.018293557688593864,0.03625452518463135,,,,poor
Hostomel,s2__composite__b12__prebattle_baseline,bhattacharyya,0.017318779602646828,0.034339308738708496,,,,poor
Hostomel,s2__composite__b12__winter_baseline,bhattacharyya,0.017318779602646828,0.034339308738708496,,,,poor
Hostomel,s2__composite__b8a__delta,bhattacharyya,0.00028016953729093075,0.0005604028701782227,,,,poor
Hostomel,s2__composite__b8a__post_winter_baseline,bhattacharyya,0.0014080023393034935,0.0028139352798461914,,,,poor
Hostomel,s2__composite__b8a__prebattle_baseline,bhattacharyya,0.0028068572282791138,0.005605816841125488,,,,poor
Hostomel,s2__composite__b8a__winter_baseline,bhattacharyya,0.0028068572282791138,0.005605816841125488,,,,poor
Hostomel,s2__composite__cire__delta,bhattacharyya,0.002191659063100815,0.004378557205200195,,,,poor
Hostomel,s2__composite__cire__post_winter_baseline,bhattacharyya,0.0372391939163208,0.07310879230499268,,,,poor
Hostomel,s2__composite__cire__prebattle_baseline,bhattacharyya,0.02514353208243847,0.04966020584106445,,,,poor
Hostomel,s2__composite__cire__winter_baseline,bhattacharyya,0.02514353208243847,0.04966020584106445,,,,poor
Hostomel,s2__composite__mndwi__delta,bhattacharyya,0.011414453387260437,0.02269911766052246,,,,poor
Hostomel,s2__composite__mndwi__post_winter_baseline,bhattacharyya,0.012608695775270462,0.025058984756469727,,,,poor
Hostomel,s2__composite__mndwi__prebattle_baseline,bhattacharyya,0.01772129349410534,0.03513050079345703,,,,poor
Hostomel,s2__composite__mndwi__winter_baseline,bhattacharyya,0.01772129349410534,0.03513050079345703,,,,poor
Hostomel,s2__composite__ndbi__delta,bhattacharyya,0.0007082688389346004,0.0014159679412841797,,,,poor
Hostomel,s2__composite__ndbi__post_winter_baseline,bhattacharyya,0.0071930414997041225,0.014334678649902344,,,,poor
Hostomel,s2__composite__ndbi__prebattle_baseline,bhattacharyya,0.0079751405864954,0.015886902809143066,,,,poor
Hostomel,s2__composite__ndbi__winter_baseline,bhattacharyya,0.0079751405864954,0.015886902809143066,,,,poor
Hostomel,s2__composite__ndre__delta,bhattacharyya,0.005330044776201248,0.010631918907165527,,,,poor
Hostomel,s2__composite__ndre__post_winter_baseline,bhattacharyya,0.03516744449734688,0.06911253929138184,,,,poor
Hostomel,s2__composite__ndre__prebattle_baseline,bhattacharyya,0.021206937730312347,0.04196739196777344,,,,poor
Hostomel,s2__composite__ndre__winter_baseline,bhattacharyya,0.021206937730312347,0.04196739196777344,,,,poor
Hostomel,s2__composite__ndvi__delta,bhattacharyya,0.0003098192682955414,0.0006196498870849609,,,,poor
Hostomel,s2__composite__ndvi__post_winter_baseline,bhattacharyya,0.031481072306632996,0.0619814395904541,,,,poor
Hostomel,s2__composite__ndvi__prebattle_baseline,bhattacharyya,0.026201579719781876,0.05172252655029297,,,,poor
Hostomel,s2__composite__ndvi__winter_baseline,bhattacharyya,0.026201579719781876,0.05172252655029297,,,,poor
Hostomel,s2__composite__ndwi__delta,bhattacharyya,0.0032849109265953302,0.006559014320373535,,,,poor
Hostomel,s2__composite__ndwi__post_winter_baseline,bhattacharyya,0.01919444091618061,0.038022756576538086,,,,poor
Hostomel,s2__composite__ndwi__prebattle_baseline,bhattacharyya,0.021987495943903923,0.04349493980407715,,,,poor
Hostomel,s2__composite__ndwi__winter_baseline,bhattacharyya,0.021987495943903923,0.04349493980407715,,,,poor
Hostomel,s2__qa__cloud_freq__postbattle,bhattacharyya,0.032120056450366974,0.06321930885314941,,,,poor
Hostomel,s2__qa__cloud_freq__prebattle,bhattacharyya,0.013118414208292961,0.026065468788146973,,,,poor
Hostomel,s2__visibility__clear__freq__crossbattle,bhattacharyya,0.010500767268240452,0.020891547203063965,,,,poor
Hostomel,s2__visibility__clear__freq__postbattle,bhattacharyya,0.03018616884946823,0.059470176696777344,,,,poor
Hostomel,s2__visibility__clear__freq__prebattle,bhattacharyya,0.06495282799005508,0.1257765293121338,,,,poor
Hostomel,s2__visibility__cloud__freq__crossbattle,bhattacharyya,0.02569596841931343,0.05073738098144531,,,,poor
Hostomel,s2__visibility__cloud__freq__postbattle,bhattacharyya,0.024209225550293922,0.047837138175964355,,,,poor
Hostomel,s2__visibility__cloud__freq__prebattle,bhattacharyya,0.021120963618159294,0.041798949241638184,,,,poor
Hostomel,s2__visibility__fire__freq__crossbattle,bhattacharyya,0.009391755796968937,0.018695592880249023,,,,poor
Hostomel,s2__visibility__fire__freq__postbattle,bhattacharyya,0.019430436193943024,0.03848576545715332,,,,poor
Hostomel,s2__visibility__fire__freq__prebattle,bhattacharyya,0.02569596841931343,0.05073738098144531,,,,poor
Hostomel,s2__visibility__smoke__freq__postbattle,bhattacharyya,,,,,,poor
Hostomel,s2__visibility__smoke__freq__prebattle,chi_square,,,1.1426827591197621,0.28508615993760145,0.015940479958086055,poor
Irpin,s2__composite__b02__delta,bhattacharyya,,,,,,poor
Irpin,s2__composite__b02__post_winter_baseline,bhattacharyya,,,,,,poor
Irpin,s2__composite__b02__prebattle_baseline,bhattacharyya,0.0482608899474144,0.09422969818115234,,,,poor
Irpin,s2__composite__b02__winter_baseline,bhattacharyya,0.0482608899474144,0.09422969818115234,,,,poor
Irpin,s2__composite__b03__delta,bhattacharyya,,,,,,poor
Irpin,s2__composite__b03__post_winter_baseline,bhattacharyya,,,,,,poor
Irpin,s2__composite__b03__prebattle_baseline,bhattacharyya,0.04526315629482269,0.0885080099105835,,,,poor
Irpin,s2__composite__b03__winter_baseline,bhattacharyya,0.04526315629482269,0.0885080099105835,,,,poor
Irpin,s2__composite__b04__delta,bhattacharyya,,,,,,poor
Irpin,s2__composite__b04__post_winter_baseline,bhattacharyya,,,,,,poor
Irpin,s2__composite__b04__prebattle_baseline,bhattacharyya,0.0416170209646225,0.08152580261230469,,,,poor
Irpin,s2__composite__b04__winter_baseline,bhattacharyya,0.0416170209646225,0.08152580261230469,,,,poor
Irpin,s2__composite__b05__delta,bhattacharyya,,,,,,poor
Irpin,s2__composite__b05__post_winter_baseline,bhattacharyya,,,,,,poor
Irpin,s2__composite__b05__prebattle_baseline,bhattacharyya,0.026542872190475464,0.05238747596740723,,,,poor
Irpin,s2__composite__b05__winter_baseline,bhattacharyya,0.026542872190475464,0.05238747596740723,,,,poor
Irpin,s2__composite__b07__delta,bhattacharyya,,,,,,poor
Irpin,s2__composite__b07__post_winter_baseline,bhattacharyya,,,,,,poor
Irpin,s2__composite__b07__prebattle_baseline,bhattacharyya,0.022300906479358673,0.04410815238952637,,,,poor
Irpin,s2__composite__b07__winter_baseline,bhattacharyya,0.022300906479358673,0.04410815238952637,,,,poor
Irpin,s2__composite__b08__delta,bhattacharyya,,,,,,poor
Irpin,s2__composite__b08__post_winter_baseline,bhattacharyya,,,,,,poor
Irpin,s2__composite__b08__prebattle_baseline,bhattacharyya,0.03313681483268738,0.06518757343292236,,,,poor
Irpin,s2__composite__b08__winter_baseline,bhattacharyya,0.03313681483268738,0.06518757343292236,,,,poor
Irpin,s2__composite__b11__delta,bhattacharyya,,,,,,poor
Irpin,s2__composite__b11__post_winter_baseline,bhattacharyya,,,,,,poor
Irpin,s2__composite__b11__prebattle_baseline,bhattacharyya,0.009094618260860443,0.018106937408447266,,,,poor
Irpin,s2__composite__b11__winter_baseline,bhattacharyya,0.009094618260860443,0.018106937408447266,,,,poor
Irpin,s2__composite__b12__delta,bhattacharyya,,,,,,poor
Irpin,s2__composite__b12__post_winter_baseline,bhattacharyya,,,,,,poor
Irpin,s2__composite__b12__prebattle_baseline,bhattacharyya,0.00965002179145813,0.019207119941711426,,,,poor
Irpin,s2__composite__b12__winter_baseline,bhattacharyya,0.00965002179145813,0.019207119941711426,,,,poor
Irpin,s2__composite__b8a__delta,bhattacharyya,,,,,,poor
Irpin,s2__composite__b8a__post_winter_baseline,bhattacharyya,,,,,,poor
Irpin,s2__composite__b8a__prebattle_baseline,bhattacharyya,0.018539972603321075,0.03673827648162842,,,,poor
Irpin,s2__composite__b8a__winter_baseline,bhattacharyya,0.018539972603321075,0.03673827648162842,,,,poor
Irpin,s2__composite__cire__delta,bhattacharyya,,,,,,poor
Irpin,s2__composite__cire__post_winter_baseline,bhattacharyya,,,,,,poor
Irpin,s2__composite__cire__prebattle_baseline,bhattacharyya,0.006967585999518633,0.013886690139770508,,,,poor
Irpin,s2__composite__cire__winter_baseline,bhattacharyya,0.006967585999518633,0.013886690139770508,,,,poor
Irpin,s2__composite__mndwi__delta,bhattacharyya,,,,,,poor
Irpin,s2__composite__mndwi__post_winter_baseline,bhattacharyya,,,,,,poor
Irpin,s2__composite__mndwi__prebattle_baseline,bhattacharyya,0.019390149042010307,0.03840672969818115,,,,poor
Irpin,s2__composite__mndwi__winter_baseline,bhattacharyya,0.019390149042010307,0.03840672969818115,,,,poor
Irpin,s2__composite__ndbi__delta,bhattacharyya,,,,,,poor
Irpin,s2__composite__ndbi__post_winter_baseline,bhattacharyya,,,,,,poor
Irpin,s2__composite__ndbi__prebattle_baseline,bhattacharyya,0.014032892882823944,0.027869582176208496,,,,poor
Irpin,s2__composite__ndbi__winter_baseline,bhattacharyya,0.014032892882823944,0.027869582176208496,,,,poor
Irpin,s2__composite__ndre__delta,bhattacharyya,,,,,,poor
Irpin,s2__composite__ndre__post_winter_baseline,bhattacharyya,,,,,,poor
Irpin,s2__composite__ndre__prebattle_baseline,bhattacharyya,0.007867157459259033,0.01567256450653076,,,,poor
Irpin,s2__composite__ndre__winter_baseline,bhattacharyya,0.007867157459259033,0.01567256450653076,,,,poor
Irpin,s2__composite__ndvi__delta,bhattacharyya,,,,,,poor
Irpin,s2__composite__ndvi__post_winter_baseline,bhattacharyya,,,,,,poor
Irpin,s2__composite__ndvi__prebattle_baseline,bhattacharyya,0.011085538193583488,0.022048592567443848,,,,poor
Irpin,s2__composite__ndvi__winter_baseline,bhattacharyya,0.011085538193583488,0.022048592567443848,,,,poor
Irpin,s2__composite__ndwi__delta,bhattacharyya,,,,,,poor
Irpin,s2__composite__ndwi__post_winter_baseline,bhattacharyya,,,,,,poor
Irpin,s2__composite__ndwi__prebattle_baseline,bhattacharyya,0.005637922324240208,0.011244058609008789,,,,poor
Irpin,s2__composite__ndwi__winter_baseline,bhattacharyya,0.005637922324240208,0.011244058609008789,,,,poor
Irpin,s2__obs_count__prebattle_baseline,chi_square,,,0.5999811090909802,0.43858523390912363,0.014773432707581363,poor
Irpin,s2__obs_count__winter_baseline,chi_square,,,0.5999811090909802,0.43858523390912363,0.014773432707581363,poor
Irpin,s2__qa__cloud_freq__crossbattle,bhattacharyya,,,,,,poor
Irpin,s2__qa__cloud_freq__postbattle,bhattacharyya,0.017468996345996857,0.03463470935821533,,,,poor
Irpin,s2__qa__cloud_freq__prebattle,bhattacharyya,0.034876495599746704,0.068550705909729,,,,poor
Irpin,s2__visibility__clear__freq__crossbattle,bhattacharyya,0.01146643329411745,0.022801995277404785,,,,poor
Irpin,s2__visibility__clear__freq__postbattle,bhattacharyya,0.000708484323695302,0.0014165639877319336,,,,poor
Irpin,s2__visibility__clear__freq__prebattle,bhattacharyya,0.009087531827390194,0.018092751502990723,,,,poor
Irpin,s2__visibility__cloud__freq__crossbattle,bhattacharyya,0.04605032131075859,0.09001219272613525,,,,poor
Irpin,s2__visibility__cloud__freq__postbattle,bhattacharyya,0.00081817148020491,0.0016356706619262695,,,,poor
Irpin,s2__visibility__cloud__freq__prebattle,bhattacharyya,0.0024518549907952547,0.004897594451904297,,,,poor
Irpin,s2__visibility__fire__freq__crossbattle,bhattacharyya,0.007459516637027264,0.01486349105834961,,,,poor
Irpin,s2__visibility__fire__freq__postbattle,bhattacharyya,,,,,,poor
Irpin,s2__visibility__fire__freq__prebattle,bhattacharyya,0.1567281186580658,0.2901270389556885,,,,poor
Irpin,s2__visibility__smoke__freq__postbattle,bhattacharyya,0.0006471588858403265,0.0012938976287841797,,,,poor
Irpin,s2__visibility__smoke__freq__prebattle,chi_square,,,0.0,1.0,0.0,poor
Kharkiv,s2__composite__b02__delta,bhattacharyya,0.17912068963050842,0.32798993587493896,,,,poor
Kharkiv,s2__composite__b02__post_winter_baseline,bhattacharyya,0.047711700201034546,0.09318268299102783,,,,poor
Kharkiv,s2__composite__b02__prebattle_baseline,bhattacharyya,0.0798967108130455,0.15357661247253418,,,,poor
Kharkiv,s2__composite__b02__winter_baseline,bhattacharyya,0.0798967108130455,0.15357661247253418,,,,poor
Kharkiv,s2__composite__b03__delta,bhattacharyya,0.1903446465730667,0.34665167331695557,,,,poor
Kharkiv,s2__composite__b03__post_winter_baseline,bhattacharyya,0.04383828490972519,0.08578240871429443,,,,poor
Kharkiv,s2__composite__b03__prebattle_baseline,bhattacharyya,0.08399754017591476,0.16113293170928955,,,,poor
Kharkiv,s2__composite__b03__winter_baseline,bhattacharyya,0.08399754017591476,0.16113293170928955,,,,poor
Kharkiv,s2__composite__b04__delta,bhattacharyya,0.17257745563983917,0.31701385974884033,,,,poor
Kharkiv,s2__composite__b04__post_winter_baseline,bhattacharyya,0.04836161434650421,0.09442174434661865,,,,poor
Kharkiv,s2__composite__b04__prebattle_baseline,bhattacharyya,0.0842929258942604,0.1616760492324829,,,,poor
Kharkiv,s2__composite__b04__winter_baseline,bhattacharyya,0.0842929258942604,0.1616760492324829,,,,poor
Kharkiv,s2__composite__b05__delta,bhattacharyya,0.22044487297534943,0.39567625522613525,,,,poor
Kharkiv,s2__composite__b05__post_winter_baseline,bhattacharyya,0.03500119596719742,0.06879150867462158,,,,poor
Kharkiv,s2__composite__b05__prebattle_baseline,bhattacharyya,0.10367061197757721,0.19695568084716797,,,,poor
Kharkiv,s2__composite__b05__winter_baseline,bhattacharyya,0.10367061197757721,0.19695568084716797,,,,poor
Kharkiv,s2__composite__b07__delta,bhattacharyya,0.09854203462600708,0.18768489360809326,,,,poor
Kharkiv,s2__composite__b07__post_winter_baseline,bhattacharyya,0.011380547657608986,0.022632122039794922,,,,poor
Kharkiv,s2__composite__b07__prebattle_baseline,bhattacharyya,0.0750713050365448,0.1446453332901001,,,,poor
Kharkiv,s2__composite__b07__winter_baseline,bhattacharyya,0.0750713050365448,0.1446453332901001,,,,poor
Kharkiv,s2__composite__b08__delta,bhattacharyya,0.09014272689819336,0.17239856719970703,,,,poor
Kharkiv,s2__composite__b08__post_winter_baseline,bhattacharyya,0.020937208086252213,0.041439056396484375,,,,poor
Kharkiv,s2__composite__b08__prebattle_baseline,bhattacharyya,0.0519731380045414,0.10129117965698242,,,,poor
Kharkiv,s2__composite__b08__winter_baseline,bhattacharyya,0.0519731380045414,0.10129117965698242,,,,poor
Kharkiv,s2__composite__b11__delta,bhattacharyya,0.10440482944250107,0.19827890396118164,,,,poor
Kharkiv,s2__composite__b11__post_winter_baseline,bhattacharyya,0.018444323912262917,0.03655064105987549,,,,poor
Kharkiv,s2__composite__b11__prebattle_baseline,bhattacharyya,0.048165030777454376,0.09404706954956055,,,,poor
Kharkiv,s2__composite__b11__winter_baseline,bhattacharyya,0.048165030777454376,0.09404706954956055,,,,poor
Kharkiv,s2__composite__b12__delta,bhattacharyya,0.03800532966852188,0.0745844841003418,,,,poor
Kharkiv,s2__composite__b12__post_winter_baseline,bhattacharyya,0.024118270725011826,0.04765951633453369,,,,poor
Kharkiv,s2__composite__b12__prebattle_baseline,bhattacharyya,0.0426325649023056,0.08347320556640625,,,,poor
Kharkiv,s2__composite__b12__winter_baseline,bhattacharyya,0.0426325649023056,0.08347320556640625,,,,poor
Kharkiv,s2__composite__b8a__delta,bhattacharyya,0.08385179191827774,0.16086506843566895,,,,poor
Kharkiv,s2__composite__b8a__post_winter_baseline,bhattacharyya,0.014715636149048805,0.02921593189239502,,,,poor
Kharkiv,s2__composite__b8a__prebattle_baseline,bhattacharyya,0.06279565393924713,0.12172925472259521,,,,poor
Kharkiv,s2__composite__b8a__winter_baseline,bhattacharyya,0.06279565393924713,0.12172925472259521,,,,poor
Kharkiv,s2__composite__cire__delta,bhattacharyya,0.060396142303943634,0.11721694469451904,,,,poor
Kharkiv,s2__composite__cire__post_winter_baseline,bhattacharyya,0.09145314991474152,0.17479181289672852,,,,poor
Kharkiv,s2__composite__cire__prebattle_baseline,bhattacharyya,0.10115697979927063,0.19241774082183838,,,,poor
Kharkiv,s2__composite__cire__winter_baseline,bhattacharyya,0.10115697979927063,0.19241774082183838,,,,poor
Kharkiv,s2__composite__mndwi__delta,bhattacharyya,0.016718246042728424,0.03315854072570801,,,,poor
Kharkiv,s2__composite__mndwi__post_winter_baseline,bhattacharyya,0.06271010637283325,0.12156856060028076,,,,poor
Kharkiv,s2__composite__mndwi__prebattle_baseline,bhattacharyya,0.050865527242422104,0.09918713569641113,,,,poor
Kharkiv,s2__composite__mndwi__winter_baseline,bhattacharyya,0.050865527242422104,0.09918713569641113,,,,poor
Kharkiv,s2__composite__ndbi__delta,bhattacharyya,0.0007714042440056801,0.001542210578918457,,,,poor
Kharkiv,s2__composite__ndbi__post_winter_baseline,bhattacharyya,0.03755452483892441,0.0737161636352539,,,,poor
Kharkiv,s2__composite__ndbi__prebattle_baseline,bhattacharyya,0.03938303142786026,0.07723522186279297,,,,poor
Kharkiv,s2__composite__ndbi__winter_baseline,bhattacharyya,0.03938303142786026,0.07723522186279297,,,,poor
Kharkiv,s2__composite__ndre__delta,bhattacharyya,0.022187775000929832,0.04388689994812012,,,,poor
Kharkiv,s2__composite__ndre__post_winter_baseline,bhattacharyya,0.08672682195901871,0.16614484786987305,,,,poor
Kharkiv,s2__composite__ndre__prebattle_baseline,bhattacharyya,0.0877237394452095,0.16797220706939697,,,,poor
Kharkiv,s2__composite__ndre__winter_baseline,bhattacharyya,0.0877237394452095,0.16797220706939697,,,,poor
Kharkiv,s2__composite__ndvi__delta,bhattacharyya,0.012532932683825493,0.024909496307373047,,,,poor
Kharkiv,s2__composite__ndvi__post_winter_baseline,bhattacharyya,0.16126590967178345,0.2978684902191162,,,,poor
Kharkiv,s2__composite__ndvi__prebattle_baseline,bhattacharyya,0.13483594357967377,0.25228142738342285,,,,poor
Kharkiv,s2__composite__ndvi__winter_baseline,bhattacharyya,0.13483594357967377,0.25228142738342285,,,,poor
Kharkiv,s2__composite__ndwi__delta,bhattacharyya,0.004980382509529591,0.009936094284057617,,,,poor
Kharkiv,s2__composite__ndwi__post_winter_baseline,bhattacharyya,0.15107139945030212,0.28042733669281006,,,,poor
Kharkiv,s2__composite__ndwi__prebattle_baseline,bhattacharyya,0.12846174836158752,0.24110567569732666,,,,poor
Kharkiv,s2__composite__ndwi__winter_baseline,bhattacharyya,0.12846174836158752,0.24110567569732666,,,,poor
Kharkiv,s2__obs_count__delta,chi_square,,,7.825574585115253,0.019984720097270686,0.06446633156152236,poor
Kharkiv,s2__obs_count__post_winter_baseline,chi_square,,,4.832276245948233,0.027931729783841088,0.050658312271561035,poor
Kharkiv,s2__obs_count__prebattle_baseline,chi_square,,,0.8173689553373092,0.3659505461533459,0.020834539668435133,poor
Kharkiv,s2__obs_count__winter_baseline,chi_square,,,0.8173689553373092,0.3659505461533459,0.020834539668435133,poor
Kharkiv,s2__qa__cloud_freq__crossbattle,bhattacharyya,,,,,,poor
Kharkiv,s2__qa__cloud_freq__postbattle,bhattacharyya,0.07529475539922714,0.14505982398986816,,,,poor
Kharkiv,s2__qa__cloud_freq__prebattle,bhattacharyya,0.0068252114579081535,0.013603806495666504,,,,poor
Kharkiv,s2__visibility__clear__freq__crossbattle,bhattacharyya,0.05422959476709366,0.10557091236114502,,,,poor
Kharkiv,s2__visibility__clear__freq__postbattle,bhattacharyya,0.003007201012223959,0.006005406379699707,,,,poor
Kharkiv,s2__visibility__clear__freq__prebattle,bhattacharyya,0.001726776361465454,0.0034505128860473633,,,,poor
Kharkiv,s2__visibility__cloud__freq__crossbattle,bhattacharyya,0.030393995344638824,0.05987358093261719,,,,poor
Kharkiv,s2__visibility__cloud__freq__postbattle,bhattacharyya,0.004858904052525759,0.009694337844848633,,,,poor
Kharkiv,s2__visibility__cloud__freq__prebattle,bhattacharyya,6.243825919227675e-05,0.00012493133544921875,,,,poor
Kharkiv,s2__visibility__fire__freq__crossbattle,bhattacharyya,,,,,,poor
Kharkiv,s2__visibility__fire__freq__postbattle,bhattacharyya,0.040702562779188156,0.07977068424224854,,,,poor
Kharkiv,s2__visibility__fire__freq__prebattle,bhattacharyya,0.11643265187740326,0.21981990337371826,,,,poor
Kharkiv,s2__visibility__smoke__freq__crossbattle,chi_square,,,0.0,1.0,0.0,poor
Kharkiv,s2__visibility__smoke__freq__postbattle,bhattacharyya,0.07564207166433334,0.14570391178131104,,,,poor
Kharkiv,s2__visibility__smoke__freq__prebattle,chi_square,,,0.0,1.0,0.0,poor
Kherson,s2__visibility__clear__freq__crossbattle,bhattacharyya,0.8256953358650208,1.1241391897201538,,,,moderate
Kherson,s2__visibility__fire__freq__crossbattle,bhattacharyya,0.825695276260376,1.1241390705108643,,,,moderate
Kherson,s2__composite__b02__delta,bhattacharyya,0.08270754665136337,0.15875935554504395,,,,poor
Kherson,s2__composite__b02__post_winter_baseline,bhattacharyya,0.046656522899866104,0.09116971492767334,,,,poor
Kherson,s2__composite__b02__prebattle_baseline,bhattacharyya,0.11568954586982727,0.2184964418411255,,,,poor
Kherson,s2__composite__b02__winter_baseline,bhattacharyya,0.11568954586982727,0.2184964418411255,,,,poor
Kherson,s2__composite__b03__delta,bhattacharyya,0.026458468288183212,0.0522230863571167,,,,poor
Kherson,s2__composite__b03__post_winter_baseline,bhattacharyya,0.007825407199561596,0.015589714050292969,,,,poor
Kherson,s2__composite__b03__prebattle_baseline,bhattacharyya,0.08722354471683502,0.16705572605133057,,,,poor
Kherson,s2__composite__b03__winter_baseline,bhattacharyya,0.08722354471683502,0.16705572605133057,,,,poor
Kherson,s2__composite__b04__delta,bhattacharyya,0.014773232862353325,0.02932918071746826,,,,poor
Kherson,s2__composite__b04__post_winter_baseline,bhattacharyya,0.006403607781976461,0.012766480445861816,,,,poor
Kherson,s2__composite__b04__prebattle_baseline,bhattacharyya,0.0899248942732811,0.17200052738189697,,,,poor
Kherson,s2__composite__b04__winter_baseline,bhattacharyya,0.0899248942732811,0.17200052738189697,,,,poor
Kherson,s2__composite__b05__delta,bhattacharyya,0.006033704150468111,0.012031197547912598,,,,poor
Kherson,s2__composite__b05__post_winter_baseline,bhattacharyya,0.00465040048584342,0.009279251098632812,,,,poor
Kherson,s2__composite__b05__prebattle_baseline,bhattacharyya,0.0016440079780295491,0.0032852888107299805,,,,poor
Kherson,s2__composite__b05__winter_baseline,bhattacharyya,0.0016440079780295491,0.0032852888107299805,,,,poor
Kherson,s2__composite__b07__delta,bhattacharyya,0.04659891873598099,0.09105968475341797,,,,poor
Kherson,s2__composite__b07__post_winter_baseline,bhattacharyya,0.045150063931941986,0.08829188346862793,,,,poor
Kherson,s2__composite__b07__prebattle_baseline,bhattacharyya,0.002153503941372037,0.004302501678466797,,,,poor
Kherson,s2__composite__b07__winter_baseline,bhattacharyya,0.002153503941372037,0.004302501678466797,,,,poor
Kherson,s2__composite__b08__delta,bhattacharyya,0.011155694723129272,0.022187471389770508,,,,poor
Kherson,s2__composite__b08__post_winter_baseline,bhattacharyya,0.040765732526779175,0.07989203929901123,,,,poor
Kherson,s2__composite__b08__prebattle_baseline,bhattacharyya,0.01223685871809721,0.024324536323547363,,,,poor
Kherson,s2__composite__b08__winter_baseline,bhattacharyya,0.01223685871809721,0.024324536323547363,,,,poor
Kherson,s2__composite__b11__delta,bhattacharyya,0.0408751405775547,0.08010196685791016,,,,poor
Kherson,s2__composite__b11__post_winter_baseline,bhattacharyya,0.0034609041176736355,0.006909847259521484,,,,poor
Kherson,s2__composite__b11__prebattle_baseline,bhattacharyya,0.033296093344688416,0.06549561023712158,,,,poor
Kherson,s2__composite__b11__winter_baseline,bhattacharyya,0.033296093344688416,0.06549561023712158,,,,poor
Kherson,s2__composite__b12__delta,bhattacharyya,0.06592514365911484,0.12759804725646973,,,,poor
Kherson,s2__composite__b12__post_winter_baseline,bhattacharyya,0.00638163648545742,0.012722611427307129,,,,poor
Kherson,s2__composite__b12__prebattle_baseline,bhattacharyya,0.032738201320171356,0.06441617012023926,,,,poor
Kherson,s2__composite__b12__winter_baseline,bhattacharyya,0.032738201320171356,0.06441617012023926,,,,poor
Kherson,s2__composite__b8a__delta,bhattacharyya,0.037446167320013046,0.07350754737854004,,,,poor
Kherson,s2__composite__b8a__post_winter_baseline,bhattacharyya,0.03398345410823822,0.0668250322341919,,,,poor
Kherson,s2__composite__b8a__prebattle_baseline,bhattacharyya,0.003415570827201009,0.006819367408752441,,,,poor
Kherson,s2__composite__b8a__winter_baseline,bhattacharyya,0.003415570827201009,0.006819367408752441,,,,poor
Kherson,s2__composite__cire__delta,bhattacharyya,0.026532255113124847,0.05236661434173584,,,,poor
Kherson,s2__composite__cire__post_winter_baseline,bhattacharyya,0.030642526224255562,0.060355544090270996,,,,poor
Kherson,s2__composite__cire__prebattle_baseline,bhattacharyya,0.0019347240449860692,0.0038655996322631836,,,,poor
Kherson,s2__composite__cire__winter_baseline,bhattacharyya,0.0019347240449860692,0.0038655996322631836,,,,poor
Kherson,s2__composite__mndwi__delta,bhattacharyya,0.013096614740788937,0.02602243423461914,,,,poor
Kherson,s2__composite__mndwi__post_winter_baseline,bhattacharyya,0.062285926192998886,0.12077164649963379,,,,poor
Kherson,s2__composite__mndwi__prebattle_baseline,bhattacharyya,0.14153960347175598,0.2639583349227905,,,,poor
Kherson,s2__composite__mndwi__winter_baseline,bhattacharyya,0.14153960347175598,0.2639583349227905,,,,poor
Kherson,s2__composite__ndbi__delta,bhattacharyya,0.009100263006985188,0.01811802387237549,,,,poor
Kherson,s2__composite__ndbi__post_winter_baseline,bhattacharyya,0.034750357270240784,0.06830716133117676,,,,poor
Kherson,s2__composite__ndbi__prebattle_baseline,bhattacharyya,0.03332216292619705,0.06554627418518066,,,,poor
Kherson,s2__composite__ndbi__winter_baseline,bhattacharyya,0.03332216292619705,0.06554627418518066,,,,poor
Kherson,s2__composite__ndre__delta,bhattacharyya,0.0013393186964094639,0.002676844596862793,,,,poor
Kherson,s2__composite__ndre__post_winter_baseline,bhattacharyya,0.00746174855157733,0.014867901802062988,,,,poor
Kherson,s2__composite__ndre__prebattle_baseline,bhattacharyya,0.0025178876239806414,0.00502932071685791,,,,poor
Kherson,s2__composite__ndre__winter_baseline,bhattacharyya,0.0025178876239806414,0.00502932071685791,,,,poor
Kherson,s2__composite__ndvi__delta,bhattacharyya,0.011006857268512249,0.02189314365386963,,,,poor
Kherson,s2__composite__ndvi__post_winter_baseline,bhattacharyya,0.011805690824985504,0.02347266674041748,,,,poor
Kherson,s2__composite__ndvi__prebattle_baseline,bhattacharyya,0.06018514186143875,0.11681950092315674,,,,poor
Kherson,s2__composite__ndvi__winter_baseline,bhattacharyya,0.06018514186143875,0.11681950092315674,,,,poor
Kherson,s2__composite__ndwi__delta,bhattacharyya,0.07451589405536652,0.1436145305633545,,,,poor
Kherson,s2__composite__ndwi__post_winter_baseline,bhattacharyya,0.006341471336781979,0.012642621994018555,,,,poor
Kherson,s2__composite__ndwi__prebattle_baseline,bhattacharyya,0.012524999678134918,0.024893641471862793,,,,poor
Kherson,s2__composite__ndwi__winter_baseline,bhattacharyya,0.012524999678134918,0.024893641471862793,,,,poor
Kherson,s2__obs_count__delta,chi_square,,,0.0,1.0,0.0,poor
Kherson,s2__obs_count__prebattle_baseline,chi_square,,,0.0,1.0,0.0,poor
Kherson,s2__obs_count__winter_baseline,chi_square,,,0.0,1.0,0.0,poor
Kherson,s2__qa__cloud_freq__crossbattle,bhattacharyya,,,,,,poor
Kherson,s2__qa__cloud_freq__postbattle,bhattacharyya,,,,,,poor
Kherson,s2__qa__cloud_freq__prebattle,bhattacharyya,,,,,,poor
Kherson,s2__visibility__clear__freq__postbattle,bhattacharyya,,,,,,poor
Kherson,s2__visibility__clear__freq__prebattle,bhattacharyya,0.05737840756773949,0.11152660846710205,,,,poor
Kherson,s2__visibility__cloud__freq__crossbattle,bhattacharyya,,,,,,poor
Kherson,s2__visibility__cloud__freq__postbattle,bhattacharyya,,,,,,poor
Kherson,s2__visibility__cloud__freq__prebattle,bhattacharyya,,,,,,poor
Kherson,s2__visibility__fire__freq__postbattle,bhattacharyya,,,,,,poor
Kherson,s2__visibility__fire__freq__prebattle,bhattacharyya,0.15718376636505127,0.2909059524536133,,,,poor
Kherson,s2__visibility__smoke__freq__postbattle,bhattacharyya,,,,,,poor
Kramatorsk,s2__visibility__fire__freq__crossbattle,bhattacharyya,1.532194972038269,1.567878246307373,,,,good
Kramatorsk,s2__composite__b02__delta,bhattacharyya,0.03548864275217056,0.069732666015625,,,,poor
Kramatorsk,s2__composite__b02__post_winter_baseline,bhattacharyya,0.018082378432154655,0.03583979606628418,,,,poor
Kramatorsk,s2__composite__b02__prebattle_baseline,bhattacharyya,0.04391852393746376,0.08593606948852539,,,,poor
Kramatorsk,s2__composite__b02__winter_baseline,bhattacharyya,0.04391852393746376,0.08593606948852539,,,,poor
Kramatorsk,s2__composite__b03__delta,bhattacharyya,0.041070159524679184,0.08047640323638916,,,,poor
Kramatorsk,s2__composite__b03__post_winter_baseline,bhattacharyya,0.016930103302001953,0.03357529640197754,,,,poor
Kramatorsk,s2__composite__b03__prebattle_baseline,bhattacharyya,0.04632781445980072,0.09054207801818848,,,,poor
Kramatorsk,s2__composite__b03__winter_baseline,bhattacharyya,0.04632781445980072,0.09054207801818848,,,,poor
Kramatorsk,s2__composite__b04__delta,bhattacharyya,0.01838964782655239,0.036443233489990234,,,,poor
Kramatorsk,s2__composite__b04__post_winter_baseline,bhattacharyya,0.015449022874236107,0.030660629272460938,,,,poor
Kramatorsk,s2__composite__b04__prebattle_baseline,bhattacharyya,0.04061301425099373,0.07959878444671631,,,,poor
Kramatorsk,s2__composite__b04__winter_baseline,bhattacharyya,0.04061301425099373,0.07959878444671631,,,,poor
Kramatorsk,s2__composite__b05__delta,bhattacharyya,0.050838638097047806,0.09913599491119385,,,,poor
Kramatorsk,s2__composite__b05__post_winter_baseline,bhattacharyya,0.002021116903051734,0.004038095474243164,,,,poor
Kramatorsk,s2__composite__b05__prebattle_baseline,bhattacharyya,0.04587268829345703,0.08967280387878418,,,,poor
Kramatorsk,s2__composite__b05__winter_baseline,bhattacharyya,0.04587268829345703,0.08967280387878418,,,,poor
Kramatorsk,s2__composite__b07__delta,bhattacharyya,0.049832265824079514,0.09722208976745605,,,,poor
Kramatorsk,s2__composite__b07__post_winter_baseline,bhattacharyya,0.007794758304953575,0.01552879810333252,,,,poor
Kramatorsk,s2__composite__b07__prebattle_baseline,bhattacharyya,0.03586989641189575,0.07046854496002197,,,,poor
Kramatorsk,s2__composite__b07__winter_baseline,bhattacharyya,0.03586989641189575,0.07046854496002197,,,,poor
Kramatorsk,s2__composite__b08__delta,bhattacharyya,0.03925108164548874,0.07698142528533936,,,,poor
Kramatorsk,s2__composite__b08__post_winter_baseline,bhattacharyya,0.0048272982239723206,0.00963127613067627,,,,poor
Kramatorsk,s2__composite__b08__prebattle_baseline,bhattacharyya,0.038100484758615494,0.0747675895690918,,,,poor
Kramatorsk,s2__composite__b08__winter_baseline,bhattacharyya,0.038100484758615494,0.0747675895690918,,,,poor
Kramatorsk,s2__composite__b11__delta,bhattacharyya,0.1690681278705597,0.3110973834991455,,,,poor
Kramatorsk,s2__composite__b11__post_winter_baseline,bhattacharyya,0.15459123253822327,0.28646934032440186,,,,poor
Kramatorsk,s2__composite__b11__prebattle_baseline,bhattacharyya,0.05149528384208679,0.10038375854492188,,,,poor
Kramatorsk,s2__composite__b11__winter_baseline,bhattacharyya,0.05149528384208679,0.10038375854492188,,,,poor
Kramatorsk,s2__composite__b12__delta,bhattacharyya,0.2250475138425827,0.4030435085296631,,,,poor
Kramatorsk,s2__composite__b12__post_winter_baseline,bhattacharyya,0.1510147601366043,0.28032994270324707,,,,poor
Kramatorsk,s2__composite__b12__prebattle_baseline,bhattacharyya,0.09724679589271545,0.18533587455749512,,,,poor
Kramatorsk,s2__composite__b12__winter_baseline,bhattacharyya,0.09724679589271545,0.18533587455749512,,,,poor
Kramatorsk,s2__composite__b8a__delta,bhattacharyya,0.06151488423347473,0.11932218074798584,,,,poor
Kramatorsk,s2__composite__b8a__post_winter_baseline,bhattacharyya,0.01398271694779396,0.02777087688446045,,,,poor
Kramatorsk,s2__composite__b8a__prebattle_baseline,bhattacharyya,0.03176363557577133,0.06252896785736084,,,,poor
Kramatorsk,s2__composite__b8a__winter_baseline,bhattacharyya,0.03176363557577133,0.06252896785736084,,,,poor
Kramatorsk,s2__composite__cire__delta,bhattacharyya,0.012921318411827087,0.025676369667053223,,,,poor
Kramatorsk,s2__composite__cire__post_winter_baseline,bhattacharyya,0.0639406219124794,0.1238785982131958,,,,poor
Kramatorsk,s2__composite__cire__prebattle_baseline,bhattacharyya,0.03925929591059685,0.07699739933013916,,,,poor
Kramatorsk,s2__composite__cire__winter_baseline,bhattacharyya,0.03925929591059685,0.07699739933013916,,,,poor
Kramatorsk,s2__composite__mndwi__delta,bhattacharyya,0.018672863021492958,0.03699922561645508,,,,poor
Kramatorsk,s2__composite__mndwi__post_winter_baseline,bhattacharyya,0.056132182478904724,0.10917162895202637,,,,poor
Kramatorsk,s2__composite__mndwi__prebattle_baseline,bhattacharyya,0.023196067661046982,0.04585826396942139,,,,poor
Kramatorsk,s2__composite__mndwi__winter_baseline,bhattacharyya,0.023196067661046982,0.04585826396942139,,,,poor
Kramatorsk,s2__composite__ndbi__delta,bhattacharyya,0.012415600940585136,0.024677634239196777,,,,poor
Kramatorsk,s2__composite__ndbi__post_winter_baseline,bhattacharyya,0.029757080599665642,0.05863749980926514,,,,poor
Kramatorsk,s2__composite__ndbi__prebattle_baseline,bhattacharyya,0.03413170203566551,0.06711161136627197,,,,poor
Kramatorsk,s2__composite__ndbi__winter_baseline,bhattacharyya,0.03413170203566551,0.06711161136627197,,,,poor
Kramatorsk,s2__composite__ndre__delta,bhattacharyya,0.04180401191115379,0.08188450336456299,,,,poor
Kramatorsk,s2__composite__ndre__post_winter_baseline,bhattacharyya,0.11881214380264282,0.2240508794784546,,,,poor
Kramatorsk,s2__composite__ndre__prebattle_baseline,bhattacharyya,0.06364431232213974,0.12332272529602051,,,,poor
Kramatorsk,s2__composite__ndre__winter_baseline,bhattacharyya,0.06364431232213974,0.12332272529602051,,,,poor
Kramatorsk,s2__composite__ndvi__delta,bhattacharyya,0.04239186272025108,0.08301174640655518,,,,poor
Kramatorsk,s2__composite__ndvi__post_winter_baseline,bhattacharyya,0.10609354078769684,0.20131897926330566,,,,poor
Kramatorsk,s2__composite__ndvi__prebattle_baseline,bhattacharyya,0.04172325134277344,0.08172965049743652,,,,poor
Kramatorsk,s2__composite__ndvi__winter_baseline,bhattacharyya,0.04172325134277344,0.08172965049743652,,,,poor
Kramatorsk,s2__composite__ndwi__delta,bhattacharyya,0.03726489841938019,0.0731581449508667,,,,poor
Kramatorsk,s2__composite__ndwi__post_winter_baseline,bhattacharyya,0.11311007291078568,0.21389520168304443,,,,poor
Kramatorsk,s2__composite__ndwi__prebattle_baseline,bhattacharyya,0.04393545538187027,0.0859684944152832,,,,poor
Kramatorsk,s2__composite__ndwi__winter_baseline,bhattacharyya,0.04393545538187027,0.0859684944152832,,,,poor
Kramatorsk,s2__qa__cloud_freq__crossbattle,bhattacharyya,0.01361512765288353,0.027045607566833496,,,,poor
Kramatorsk,s2__qa__cloud_freq__postbattle,bhattacharyya,,,,,,poor
Kramatorsk,s2__qa__cloud_freq__prebattle,bhattacharyya,0.03446698933839798,0.06775951385498047,,,,poor
Kramatorsk,s2__visibility__clear__freq__crossbattle,bhattacharyya,0.4282270073890686,0.6966731548309326,,,,poor
Kramatorsk,s2__visibility__clear__freq__postbattle,bhattacharyya,0.12377068400382996,0.232835054397583,,,,poor
Kramatorsk,s2__visibility__clear__freq__prebattle,bhattacharyya,0.05716319382190704,0.11112010478973389,,,,poor
Kramatorsk,s2__visibility__cloud__freq__crossbattle,bhattacharyya,0.1629992574453354,0.3008164167404175,,,,poor
Kramatorsk,s2__visibility__cloud__freq__postbattle,bhattacharyya,,,,,,poor
Kramatorsk,s2__visibility__cloud__freq__prebattle,bhattacharyya,0.010840699076652527,0.021564364433288574,,,,poor
Kramatorsk,s2__visibility__fire__freq__postbattle,bhattacharyya,,,,,,poor
Kramatorsk,s2__visibility__fire__freq__prebattle,bhattacharyya,,,,,,poor
Kramatorsk,s2__visibility__smoke__freq__postbattle,bhattacharyya,,,,,,poor
Kramatorsk,s2__visibility__smoke__freq__prebattle,chi_square,,,0.01968288682340077,0.8884263520969695,0.010457024970856453,poor
Lysychansk,s2__composite__b02__delta,bhattacharyya,0.0061089638620615005,0.012180685997009277,,,,poor
Lysychansk,s2__composite__b02__post_winter_baseline,bhattacharyya,0.0631164014339447,0.12233161926269531,,,,poor
Lysychansk,s2__composite__b02__prebattle_baseline,bhattacharyya,0.027849815785884857,0.054931044578552246,,,,poor
Lysychansk,s2__composite__b02__winter_baseline,bhattacharyya,0.019163314253091812,0.03796184062957764,,,,poor
Lysychansk,s2__composite__b03__delta,bhattacharyya,0.005654273554682732,0.011276602745056152,,,,poor
Lysychansk,s2__composite__b03__post_winter_baseline,bhattacharyya,0.05521538853645325,0.1074373722076416,,,,poor
Lysychansk,s2__composite__b03__prebattle_baseline,bhattacharyya,0.024450380355119705,0.04830789566040039,,,,poor
Lysychansk,s2__composite__b03__winter_baseline,bhattacharyya,0.019559379667043686,0.03873848915100098,,,,poor
Lysychansk,s2__composite__b04__delta,bhattacharyya,0.004201107192784548,0.00838470458984375,,,,poor
Lysychansk,s2__composite__b04__post_winter_baseline,bhattacharyya,0.05062173306941986,0.09872353076934814,,,,poor
Lysychansk,s2__composite__b04__prebattle_baseline,bhattacharyya,0.024772141128778458,0.048935651779174805,,,,poor
Lysychansk,s2__composite__b04__winter_baseline,bhattacharyya,0.01696750894188881,0.03364884853363037,,,,poor
Lysychansk,s2__composite__b05__delta,bhattacharyya,0.012906694784760475,0.025647521018981934,,,,poor
Lysychansk,s2__composite__b05__post_winter_baseline,bhattacharyya,0.033864982426166534,0.06659591197967529,,,,poor
Lysychansk,s2__composite__b05__prebattle_baseline,bhattacharyya,0.015699367970228195,0.031153440475463867,,,,poor
Lysychansk,s2__composite__b05__winter_baseline,bhattacharyya,0.008138757199048996,0.016211509704589844,,,,poor
Lysychansk,s2__composite__b07__delta,bhattacharyya,0.01801428571343422,0.0357060432434082,,,,poor
Lysychansk,s2__composite__b07__post_winter_baseline,bhattacharyya,0.015212161466479301,0.03019416332244873,,,,poor
Lysychansk,s2__composite__b07__prebattle_baseline,bhattacharyya,0.01737813651561737,0.03445601463317871,,,,poor
Lysychansk,s2__composite__b07__winter_baseline,bhattacharyya,0.015566241927444935,0.03089141845703125,,,,poor
Lysychansk,s2__composite__b08__delta,bhattacharyya,0.0103978356346488,0.02068793773651123,,,,poor
Lysychansk,s2__composite__b08__post_winter_baseline,bhattacharyya,0.015834596008062363,0.03141975402832031,,,,poor
Lysychansk,s2__composite__b08__prebattle_baseline,bhattacharyya,0.0192375760525465,0.03810751438140869,,,,poor
Lysychansk,s2__composite__b08__winter_baseline,bhattacharyya,0.0182909294962883,0.036249399185180664,,,,poor
Lysychansk,s2__composite__b11__delta,bhattacharyya,0.01141140516847372,0.022693157196044922,,,,poor
Lysychansk,s2__composite__b11__post_winter_baseline,bhattacharyya,0.022273054346442223,0.04405379295349121,,,,poor
Lysychansk,s2__composite__b11__prebattle_baseline,bhattacharyya,0.03244902938604355,0.06385648250579834,,,,poor
Lysychansk,s2__composite__b11__winter_baseline,bhattacharyya,0.013086645863950253,0.02600276470184326,,,,poor
Lysychansk,s2__composite__b12__delta,bhattacharyya,0.008859384804964066,0.01764059066772461,,,,poor
Lysychansk,s2__composite__b12__post_winter_baseline,bhattacharyya,0.025284962728619576,0.04993593692779541,,,,poor
Lysychansk,s2__composite__b12__prebattle_baseline,bhattacharyya,0.016336070373654366,0.03240668773651123,,,,poor
Lysychansk,s2__composite__b12__winter_baseline,bhattacharyya,0.012266423553228378,0.024382829666137695,,,,poor
Lysychansk,s2__composite__b8a__delta,bhattacharyya,0.01547175832092762,0.03070533275604248,,,,poor
Lysychansk,s2__composite__b8a__post_winter_baseline,bhattacharyya,0.017413068562746048,0.03452479839324951,,,,poor
Lysychansk,s2__composite__b8a__prebattle_baseline,bhattacharyya,0.02322826348245144,0.0459212064743042,,,,poor
Lysychansk,s2__composite__b8a__winter_baseline,bhattacharyya,0.02194502018392086,0.043411850929260254,,,,poor
Lysychansk,s2__composite__cire__delta,bhattacharyya,0.01469291653484106,0.029170989990234375,,,,poor
Lysychansk,s2__composite__cire__post_winter_baseline,bhattacharyya,0.04286631569266319,0.08392107486724854,,,,poor
Lysychansk,s2__composite__cire__prebattle_baseline,bhattacharyya,0.04374193772673607,0.08559811115264893,,,,poor
Lysychansk,s2__composite__cire__winter_baseline,bhattacharyya,0.022528324276208878,0.04455292224884033,,,,poor
Lysychansk,s2__composite__mndwi__delta,bhattacharyya,0.003369208425283432,0.0067272186279296875,,,,poor
Lysychansk,s2__composite__mndwi__post_winter_baseline,bhattacharyya,0.0492061972618103,0.0960303544998169,,,,poor
Lysychansk,s2__composite__mndwi__prebattle_baseline,bhattacharyya,0.03969278186559677,0.07783067226409912,,,,poor
Lysychansk,s2__composite__mndwi__winter_baseline,bhattacharyya,0.023256957530975342,0.045977234840393066,,,,poor
Lysychansk,s2__composite__ndbi__delta,bhattacharyya,0.0007455258164554834,0.0014903545379638672,,,,poor
Lysychansk,s2__composite__ndbi__post_winter_baseline,bhattacharyya,0.011225135065615177,0.022324800491333008,,,,poor
Lysychansk,s2__composite__ndbi__prebattle_baseline,bhattacharyya,0.010418972000479698,0.020729780197143555,,,,poor
Lysychansk,s2__composite__ndbi__winter_baseline,bhattacharyya,0.0030552148818969727,0.006101131439208984,,,,poor
Lysychansk,s2__composite__ndre__delta,bhattacharyya,0.007984552532434464,0.01590561866760254,,,,poor
Lysychansk,s2__composite__ndre__post_winter_baseline,bhattacharyya,0.04563474655151367,0.08921825885772705,,,,poor
Lysychansk,s2__composite__ndre__prebattle_baseline,bhattacharyya,0.03699880465865135,0.07264530658721924,,,,poor
Lysychansk,s2__composite__ndre__winter_baseline,bhattacharyya,0.024780437350273132,0.04895186424255371,,,,poor
Lysychansk,s2__composite__ndvi__delta,bhattacharyya,0.008670639246702194,0.017266273498535156,,,,poor
Lysychansk,s2__composite__ndvi__post_winter_baseline,bhattacharyya,0.06331903487443924,0.12271201610565186,,,,poor
Lysychansk,s2__composite__ndvi__prebattle_baseline,bhattacharyya,0.07055766135454178,0.13625192642211914,,,,poor
Lysychansk,s2__composite__ndvi__winter_baseline,bhattacharyya,0.052235085517168045,0.10178852081298828,,,,poor
Lysychansk,s2__composite__ndwi__delta,bhattacharyya,0.005048517603427172,0.010071516036987305,,,,poor
Lysychansk,s2__composite__ndwi__post_winter_baseline,bhattacharyya,0.06110284850001335,0.11854708194732666,,,,poor
Lysychansk,s2__composite__ndwi__prebattle_baseline,bhattacharyya,0.06025773659348488,0.11695635318756104,,,,poor
Lysychansk,s2__composite__ndwi__winter_baseline,bhattacharyya,0.04956983029842377,0.09672248363494873,,,,poor
Lysychansk,s2__obs_count__delta,chi_square,,,4.518870664878688,0.34031576799688384,0.023823406935626,poor
Lysychansk,s2__obs_count__post_winter_baseline,chi_square,,,0.16042800731301554,0.6887627662978768,0.004488787103440305,poor
Lysychansk,s2__obs_count__prebattle_baseline,chi_square,,,4.283449391510166,0.2324386907153218,0.023194538373028154,poor
Lysychansk,s2__obs_count__winter_baseline,chi_square,,,9.06157720203293,0.010772177771958671,0.03373578426789458,poor
Lysychansk,s2__qa__cloud_freq__crossbattle,bhattacharyya,0.03968080133199692,0.07780754566192627,,,,poor
Lysychansk,s2__qa__cloud_freq__postbattle,bhattacharyya,0.0003154554287903011,0.0006309747695922852,,,,poor
Lysychansk,s2__qa__cloud_freq__prebattle,bhattacharyya,8.966802124632522e-05,0.000179290771484375,,,,poor
Lysychansk,s2__visibility__clear__freq__crossbattle,bhattacharyya,0.042210984975099564,0.0826650857925415,,,,poor
Lysychansk,s2__visibility__clear__freq__postbattle,bhattacharyya,0.0011514493962749839,0.0023015737533569336,,,,poor
Lysychansk,s2__visibility__clear__freq__prebattle,bhattacharyya,9.799380495678633e-05,0.0001958608627319336,,,,poor
Lysychansk,s2__visibility__cloud__freq__crossbattle,bhattacharyya,0.04056181758642197,0.07950043678283691,,,,poor
Lysychansk,s2__visibility__cloud__freq__postbattle,bhattacharyya,0.00027847077581100166,0.00055694580078125,,,,poor
Lysychansk,s2__visibility__cloud__freq__prebattle,bhattacharyya,0.00010013132123276591,0.00020015239715576172,,,,poor
Lysychansk,s2__visibility__fire__freq__crossbattle,bhattacharyya,0.027650633826851845,0.05454373359680176,,,,poor
Lysychansk,s2__visibility__fire__freq__postbattle,bhattacharyya,0.0016086800023913383,0.003214716911315918,,,,poor
Lysychansk,s2__visibility__fire__freq__prebattle,bhattacharyya,0.0007410280522890389,0.0014815330505371094,,,,poor
Lysychansk,s2__visibility__smoke__freq__postbattle,bhattacharyya,,,,,,poor
Lysychansk,s2__visibility__smoke__freq__prebattle,chi_square,,,0.0,1.0,0.0,poor
Makariv,s2__composite__b02__delta,bhattacharyya,,,,,,poor
Makariv,s2__composite__b02__post_winter_baseline,bhattacharyya,,,,,,poor
Makariv,s2__composite__b02__prebattle_baseline,bhattacharyya,0.035918839275836945,0.07056283950805664,,,,poor
Makariv,s2__composite__b02__winter_baseline,bhattacharyya,0.035918839275836945,0.07056283950805664,,,,poor
Makariv,s2__composite__b03__delta,bhattacharyya,,,,,,poor
Makariv,s2__composite__b03__post_winter_baseline,bhattacharyya,,,,,,poor
Makariv,s2__composite__b03__prebattle_baseline,bhattacharyya,0.037172380834817886,0.07297992706298828,,,,poor
Makariv,s2__composite__b03__winter_baseline,bhattacharyya,0.037172380834817886,0.07297992706298828,,,,poor
Makariv,s2__composite__b04__delta,bhattacharyya,,,,,,poor
Makariv,s2__composite__b04__post_winter_baseline,bhattacharyya,,,,,,poor
Makariv,s2__composite__b04__prebattle_baseline,bhattacharyya,0.04735733941197395,0.09250688552856445,,,,poor
Makariv,s2__composite__b04__winter_baseline,bhattacharyya,0.04735733941197395,0.09250688552856445,,,,poor
Makariv,s2__composite__b05__delta,bhattacharyya,,,,,,poor
Makariv,s2__composite__b05__post_winter_baseline,bhattacharyya,,,,,,poor
Makariv,s2__composite__b05__prebattle_baseline,bhattacharyya,0.012114976532757282,0.024083614349365234,,,,poor
Makariv,s2__composite__b05__winter_baseline,bhattacharyya,0.012114976532757282,0.024083614349365234,,,,poor
Makariv,s2__composite__b07__delta,bhattacharyya,,,,,,poor
Makariv,s2__composite__b07__post_winter_baseline,bhattacharyya,,,,,,poor
Makariv,s2__composite__b07__prebattle_baseline,bhattacharyya,0.006224637385457754,0.012410521507263184,,,,poor
Makariv,s2__composite__b07__winter_baseline,bhattacharyya,0.006224637385457754,0.012410521507263184,,,,poor
Makariv,s2__composite__b08__delta,bhattacharyya,,,,,,poor
Makariv,s2__composite__b08__post_winter_baseline,bhattacharyya,,,,,,poor
Makariv,s2__composite__b08__prebattle_baseline,bhattacharyya,0.025988299399614334,0.051307082176208496,,,,poor
Makariv,s2__composite__b08__winter_baseline,bhattacharyya,0.025988299399614334,0.051307082176208496,,,,poor
Makariv,s2__composite__b11__delta,bhattacharyya,,,,,,poor
Makariv,s2__composite__b11__post_winter_baseline,bhattacharyya,,,,,,poor
Makariv,s2__composite__b11__prebattle_baseline,bhattacharyya,0.018128447234630585,0.03593015670776367,,,,poor
Makariv,s2__composite__b11__winter_baseline,bhattacharyya,0.018128447234630585,0.03593015670776367,,,,poor
Makariv,s2__composite__b12__delta,bhattacharyya,,,,,,poor
Makariv,s2__composite__b12__post_winter_baseline,bhattacharyya,,,,,,poor
Makariv,s2__composite__b12__prebattle_baseline,bhattacharyya,0.03676675632596016,0.07219827175140381,,,,poor
Makariv,s2__composite__b12__winter_baseline,bhattacharyya,0.03676675632596016,0.07219827175140381,,,,poor
Makariv,s2__composite__b8a__delta,bhattacharyya,,,,,,poor
Makariv,s2__composite__b8a__post_winter_baseline,bhattacharyya,,,,,,poor
Makariv,s2__composite__b8a__prebattle_baseline,bhattacharyya,0.0037780343554913998,0.007541775703430176,,,,poor
Makariv,s2__composite__b8a__winter_baseline,bhattacharyya,0.0037780343554913998,0.007541775703430176,,,,poor
Makariv,s2__composite__cire__delta,bhattacharyya,,,,,,poor
Makariv,s2__composite__cire__post_winter_baseline,bhattacharyya,,,,,,poor
Makariv,s2__composite__cire__prebattle_baseline,bhattacharyya,0.010212289169430733,0.020320653915405273,,,,poor
Makariv,s2__composite__cire__winter_baseline,bhattacharyya,0.010212289169430733,0.020320653915405273,,,,poor
Makariv,s2__composite__mndwi__delta,bhattacharyya,,,,,,poor
Makariv,s2__composite__mndwi__post_winter_baseline,bhattacharyya,,,,,,poor
Makariv,s2__composite__mndwi__prebattle_baseline,bhattacharyya,0.008764591068029404,0.017452478408813477,,,,poor
Makariv,s2__composite__mndwi__winter_baseline,bhattacharyya,0.008764591068029404,0.017452478408813477,,,,poor
Makariv,s2__composite__ndbi__delta,bhattacharyya,,,,,,poor
Makariv,s2__composite__ndbi__post_winter_baseline,bhattacharyya,,,,,,poor
Makariv,s2__composite__ndbi__prebattle_baseline,bhattacharyya,0.011215630918741226,0.022306084632873535,,,,poor
Makariv,s2__composite__ndbi__winter_baseline,bhattacharyya,0.011215630918741226,0.022306084632873535,,,,poor
Makariv,s2__composite__ndre__delta,bhattacharyya,,,,,,poor
Makariv,s2__composite__ndre__post_winter_baseline,bhattacharyya,,,,,,poor
Makariv,s2__composite__ndre__prebattle_baseline,bhattacharyya,0.011438922956585884,0.022747397422790527,,,,poor
Makariv,s2__composite__ndre__winter_baseline,bhattacharyya,0.011438922956585884,0.022747397422790527,,,,poor
Makariv,s2__composite__ndvi__delta,bhattacharyya,,,,,,poor
Makariv,s2__composite__ndvi__post_winter_baseline,bhattacharyya,,,,,,poor
Makariv,s2__composite__ndvi__prebattle_baseline,bhattacharyya,0.006458655931055546,0.012875676155090332,,,,poor
Makariv,s2__composite__ndvi__winter_baseline,bhattacharyya,0.006458655931055546,0.012875676155090332,,,,poor
Makariv,s2__composite__ndwi__delta,bhattacharyya,,,,,,poor
Makariv,s2__composite__ndwi__post_winter_baseline,bhattacharyya,,,,,,poor
Makariv,s2__composite__ndwi__prebattle_baseline,bhattacharyya,0.01099427416920662,0.021868228912353516,,,,poor
Makariv,s2__composite__ndwi__winter_baseline,bhattacharyya,0.01099427416920662,0.021868228912353516,,,,poor
Makariv,s2__qa__cloud_freq__crossbattle,bhattacharyya,,,,,,poor
Makariv,s2__qa__cloud_freq__postbattle,bhattacharyya,0.0008235661080107093,0.0016465187072753906,,,,poor
Makariv,s2__qa__cloud_freq__prebattle,bhattacharyya,0.06478682160377502,0.1254655122756958,,,,poor
Makariv,s2__visibility__clear__freq__crossbattle,bhattacharyya,,,,,,poor
Makariv,s2__visibility__clear__freq__postbattle,bhattacharyya,0.005862101912498474,0.011690020561218262,,,,poor
Makariv,s2__visibility__clear__freq__prebattle,bhattacharyya,0.009696717374026775,0.019299745559692383,,,,poor
Makariv,s2__visibility__cloud__freq__crossbattle,bhattacharyya,,,,,,poor
Makariv,s2__visibility__cloud__freq__postbattle,bhattacharyya,0.0011924607679247856,0.0023833513259887695,,,,poor
Makariv,s2__visibility__cloud__freq__prebattle,bhattacharyya,0.013994971290230751,0.027794957160949707,,,,poor
Makariv,s2__visibility__fire__freq__crossbattle,bhattacharyya,,,,,,poor
Makariv,s2__visibility__fire__freq__postbattle,bhattacharyya,0.15188369154930115,0.28182363510131836,,,,poor
Makariv,s2__visibility__fire__freq__prebattle,bhattacharyya,,,,,,poor
Makariv,s2__visibility__smoke__freq__postbattle,bhattacharyya,,,,,,poor
Mariupol,s2__composite__b02__delta,bhattacharyya,0.00866217352449894,0.017249464988708496,,,,poor
Mariupol,s2__composite__b02__post_winter_baseline,bhattacharyya,0.06310750544071198,0.1223149299621582,,,,poor
Mariupol,s2__composite__b02__prebattle_baseline,bhattacharyya,0.040658652782440186,0.07968628406524658,,,,poor
Mariupol,s2__composite__b02__winter_baseline,bhattacharyya,0.040663622319698334,0.0796959400177002,,,,poor
Mariupol,s2__composite__b03__delta,bhattacharyya,0.00768882455304265,0.015318632125854492,,,,poor
Mariupol,s2__composite__b03__post_winter_baseline,bhattacharyya,0.04614672064781189,0.09019613265991211,,,,poor
Mariupol,s2__composite__b03__prebattle_baseline,bhattacharyya,0.03602259233593941,0.0707629919052124,,,,poor
Mariupol,s2__composite__b03__winter_baseline,bhattacharyya,0.03602771833539009,0.07077300548553467,,,,poor
Mariupol,s2__composite__b04__delta,bhattacharyya,0.008579939603805542,0.017086505889892578,,,,poor
Mariupol,s2__composite__b04__post_winter_baseline,bhattacharyya,0.0460207425057888,0.08995580673217773,,,,poor
Mariupol,s2__composite__b04__prebattle_baseline,bhattacharyya,0.039432767778635025,0.07733070850372314,,,,poor
Mariupol,s2__composite__b04__winter_baseline,bhattacharyya,0.03943228721618652,0.07732987403869629,,,,poor
Mariupol,s2__composite__b05__delta,bhattacharyya,0.003524716477841139,0.007037162780761719,,,,poor
Mariupol,s2__composite__b05__post_winter_baseline,bhattacharyya,0.030635884031653404,0.06034266948699951,,,,poor
Mariupol,s2__composite__b05__prebattle_baseline,bhattacharyya,0.01301490981131792,0.025861263275146484,,,,poor
Mariupol,s2__composite__b05__winter_baseline,bhattacharyya,0.01301609817892313,0.0258634090423584,,,,poor
Mariupol,s2__composite__b07__delta,bhattacharyya,0.002843892201781273,0.0056798458099365234,,,,poor
Mariupol,s2__composite__b07__post_winter_baseline,bhattacharyya,0.037267401814460754,0.07316303253173828,,,,poor
Mariupol,s2__composite__b07__prebattle_baseline,bhattacharyya,0.008600128814578056,0.01712644100189209,,,,poor
Mariupol,s2__composite__b07__winter_baseline,bhattacharyya,0.008599217049777508,0.017124652862548828,,,,poor
Mariupol,s2__composite__b08__delta,bhattacharyya,0.004584735259413719,0.009148478507995605,,,,poor
Mariupol,s2__composite__b08__post_winter_baseline,bhattacharyya,0.029575403779745102,0.058284640312194824,,,,poor
Mariupol,s2__composite__b08__prebattle_baseline,bhattacharyya,0.008600217290222645,0.017126798629760742,,,,poor
Mariupol,s2__composite__b08__winter_baseline,bhattacharyya,0.008599812164902687,0.017125964164733887,,,,poor
Mariupol,s2__composite__b11__delta,bhattacharyya,0.009329437278211117,0.018572211265563965,,,,poor
Mariupol,s2__composite__b11__post_winter_baseline,bhattacharyya,0.024965815246105194,0.04931342601776123,,,,poor
Mariupol,s2__composite__b11__prebattle_baseline,bhattacharyya,0.021421607583761215,0.04238760471343994,,,,poor
Mariupol,s2__composite__b11__winter_baseline,bhattacharyya,0.02141960896551609,0.042383790016174316,,,,poor
Mariupol,s2__composite__b12__delta,bhattacharyya,0.0034576216712594032,0.006903290748596191,,,,poor
Mariupol,s2__composite__b12__post_winter_baseline,bhattacharyya,0.012102272361516953,0.02405869960784912,,,,poor
Mariupol,s2__composite__b12__prebattle_baseline,bhattacharyya,0.0036839586682617664,0.007354378700256348,,,,poor
Mariupol,s2__composite__b12__winter_baseline,bhattacharyya,0.003683903254568577,0.007354259490966797,,,,poor
Mariupol,s2__composite__b8a__delta,bhattacharyya,0.003810218535363674,0.007605910301208496,,,,poor
Mariupol,s2__composite__b8a__post_winter_baseline,bhattacharyya,0.04309718310832977,0.08436346054077148,,,,poor
Mariupol,s2__composite__b8a__prebattle_baseline,bhattacharyya,0.01629118248820305,0.0323183536529541,,,,poor
Mariupol,s2__composite__b8a__winter_baseline,bhattacharyya,0.01628974825143814,0.032315611839294434,,,,poor
Mariupol,s2__composite__cire__delta,bhattacharyya,0.019103581085801125,0.03784453868865967,,,,poor
Mariupol,s2__composite__cire__post_winter_baseline,bhattacharyya,0.06427959352731705,0.12451457977294922,,,,poor
Mariupol,s2__composite__cire__prebattle_baseline,bhattacharyya,0.04977826029062271,0.09711933135986328,,,,poor
Mariupol,s2__composite__cire__winter_baseline,bhattacharyya,0.04977291077375412,0.09710907936096191,,,,poor
Mariupol,s2__composite__mndwi__delta,bhattacharyya,0.013153992593288422,0.026135563850402832,,,,poor
Mariupol,s2__composite__mndwi__post_winter_baseline,bhattacharyya,0.07687865197658539,0.14799559116363525,,,,poor
Mariupol,s2__composite__mndwi__prebattle_baseline,bhattacharyya,0.08742564916610718,0.16742610931396484,,,,poor
Mariupol,s2__composite__mndwi__winter_baseline,bhattacharyya,0.08742548525333405,0.16742563247680664,,,,poor
Mariupol,s2__composite__ndbi__delta,bhattacharyya,0.018154921010136604,0.03598225116729736,,,,poor
Mariupol,s2__composite__ndbi__post_winter_baseline,bhattacharyya,0.01102848444133997,0.021935701370239258,,,,poor
Mariupol,s2__composite__ndbi__prebattle_baseline,bhattacharyya,0.004645790439099073,0.009269952774047852,,,,poor
Mariupol,s2__composite__ndbi__winter_baseline,bhattacharyya,0.0046464987099170685,0.009271502494812012,,,,poor
Mariupol,s2__composite__ndre__delta,bhattacharyya,0.008275959640741348,0.016483664512634277,,,,poor
Mariupol,s2__composite__ndre__post_winter_baseline,bhattacharyya,0.0695895329117775,0.1344468593597412,,,,poor
Mariupol,s2__composite__ndre__prebattle_baseline,bhattacharyya,0.05901006609201431,0.11460542678833008,,,,poor
Mariupol,s2__composite__ndre__winter_baseline,bhattacharyya,0.059005409479141235,0.11459672451019287,,,,poor
Mariupol,s2__composite__ndvi__delta,bhattacharyya,0.008235124871134758,0.016402721405029297,,,,poor
Mariupol,s2__composite__ndvi__post_winter_baseline,bhattacharyya,0.09216444939374924,0.17608964443206787,,,,poor
Mariupol,s2__composite__ndvi__prebattle_baseline,bhattacharyya,0.07242517173290253,0.13972938060760498,,,,poor
Mariupol,s2__composite__ndvi__winter_baseline,bhattacharyya,0.07241953164339066,0.13971900939941406,,,,poor
Mariupol,s2__composite__ndwi__delta,bhattacharyya,0.007764928974211216,0.015469789505004883,,,,poor
Mariupol,s2__composite__ndwi__post_winter_baseline,bhattacharyya,0.09469292312860489,0.18069565296173096,,,,poor
Mariupol,s2__composite__ndwi__prebattle_baseline,bhattacharyya,0.0702848955988884,0.1357436180114746,,,,poor
Mariupol,s2__composite__ndwi__winter_baseline,bhattacharyya,0.0702827125787735,0.13573956489562988,,,,poor
Mariupol,s2__obs_count__delta,chi_square,,,104.8893374653691,1.380251888607109e-22,0.06810317745750556,poor
Mariupol,s2__obs_count__post_winter_baseline,chi_square,,,0.6586195285869767,0.41704772500455267,0.005396584800382098,poor
Mariupol,s2__obs_count__prebattle_baseline,chi_square,,,100.2962242373012,1.663227392558658e-22,0.06659536381989241,poor
Mariupol,s2__obs_count__winter_baseline,chi_square,,,100.2962242373012,1.663227392558658e-22,0.06659536381989241,poor
Mariupol,s2__qa__cloud_freq__crossbattle,bhattacharyya,7.391745748464018e-05,0.00014781951904296875,,,,poor
Mariupol,s2__qa__cloud_freq__postbattle,bhattacharyya,0.09312450885772705,0.17783987522125244,,,,poor
Mariupol,s2__qa__cloud_freq__prebattle,bhattacharyya,0.03143543004989624,0.06189286708831787,,,,poor
Mariupol,s2__visibility__clear__freq__crossbattle,bhattacharyya,0.008836059831082821,0.017594218254089355,,,,poor
Mariupol,s2__visibility__clear__freq__postbattle,bhattacharyya,0.0801323726773262,0.15401172637939453,,,,poor
Mariupol,s2__visibility__clear__freq__prebattle,bhattacharyya,0.021878348663449287,0.0432814359664917,,,,poor
Mariupol,s2__visibility__cloud__freq__crossbattle,bhattacharyya,0.006131325848400593,0.012225151062011719,,,,poor
Mariupol,s2__visibility__cloud__freq__postbattle,bhattacharyya,0.10377433151006699,0.19714248180389404,,,,poor
Mariupol,s2__visibility__cloud__freq__prebattle,bhattacharyya,0.024220792576670647,0.04785966873168945,,,,poor
Mariupol,s2__visibility__fire__freq__crossbattle,bhattacharyya,0.00016782972670625895,0.0003355741500854492,,,,poor
Mariupol,s2__visibility__fire__freq__postbattle,bhattacharyya,0.0056615713983774185,0.011291146278381348,,,,poor
Mariupol,s2__visibility__fire__freq__prebattle,bhattacharyya,0.0049513899721205235,0.009878277778625488,,,,poor
Mariupol,s2__visibility__smoke__freq__crossbattle,chi_square,,,0.0,1.0,0.0,poor
Mariupol,s2__visibility__smoke__freq__postbattle,bhattacharyya,0.26117396354675293,0.45970618724823,,,,poor
Mariupol,s2__visibility__smoke__freq__prebattle,chi_square,,,35.1722617168684,2.3037768515520904e-08,0.039436816711712855,poor
Moschun,s2__composite__b02__delta,bhattacharyya,0.00220084423199296,0.004396915435791016,,,,poor
Moschun,s2__composite__b02__post_winter_baseline,bhattacharyya,0.02538767084479332,0.05013632774353027,,,,poor
Moschun,s2__composite__b02__prebattle_baseline,bhattacharyya,0.011933221481740475,0.02372443675994873,,,,poor
Moschun,s2__composite__b02__winter_baseline,bhattacharyya,0.011933221481740475,0.02372443675994873,,,,poor
Moschun,s2__composite__b03__delta,bhattacharyya,0.0003320354444440454,0.0006639957427978516,,,,poor
Moschun,s2__composite__b03__post_winter_baseline,bhattacharyya,0.00901944562792778,0.017957687377929688,,,,poor
Moschun,s2__composite__b03__prebattle_baseline,bhattacharyya,0.0026671572122722864,0.0053272247314453125,,,,poor
Moschun,s2__composite__b03__winter_baseline,bhattacharyya,0.0026671572122722864,0.0053272247314453125,,,,poor
Moschun,s2__composite__b04__delta,bhattacharyya,0.0012133652344346046,0.0024253129959106445,,,,poor
Moschun,s2__composite__b04__post_winter_baseline,bhattacharyya,0.008465494029223919,0.01685941219329834,,,,poor
Moschun,s2__composite__b04__prebattle_baseline,bhattacharyya,0.004506744910031557,0.008993148803710938,,,,poor
Moschun,s2__composite__b04__winter_baseline,bhattacharyya,0.004506744910031557,0.008993148803710938,,,,poor
Moschun,s2__composite__b05__delta,bhattacharyya,0.05670071020722389,0.11024641990661621,,,,poor
Moschun,s2__composite__b05__post_winter_baseline,bhattacharyya,0.018951961770653725,0.03754711151123047,,,,poor
Moschun,s2__composite__b05__prebattle_baseline,bhattacharyya,0.09422210603952408,0.1798386573791504,,,,poor
Moschun,s2__composite__b05__winter_baseline,bhattacharyya,0.09422210603952408,0.1798386573791504,,,,poor
Moschun,s2__composite__b07__delta,bhattacharyya,0.08195517957210541,0.1573735475540161,,,,poor
Moschun,s2__composite__b07__post_winter_baseline,bhattacharyya,0.009356963448226452,0.018626689910888672,,,,poor
Moschun,s2__composite__b07__prebattle_baseline,bhattacharyya,0.06281844526529312,0.1217721700668335,,,,poor
Moschun,s2__composite__b07__winter_baseline,bhattacharyya,0.06281844526529312,0.1217721700668335,,,,poor
Moschun,s2__composite__b08__delta,bhattacharyya,0.008935387246310711,0.017791271209716797,,,,poor
Moschun,s2__composite__b08__post_winter_baseline,bhattacharyya,0.008761176839470863,0.017445683479309082,,,,poor
Moschun,s2__composite__b08__prebattle_baseline,bhattacharyya,0.002847897121682763,0.005687713623046875,,,,poor
Moschun,s2__composite__b08__winter_baseline,bhattacharyya,0.002847897121682763,0.005687713623046875,,,,poor
Moschun,s2__composite__b11__delta,bhattacharyya,0.07257401943206787,0.1400061845779419,,,,poor
Moschun,s2__composite__b11__post_winter_baseline,bhattacharyya,0.01754147931933403,0.034777164459228516,,,,poor
Moschun,s2__composite__b11__prebattle_baseline,bhattacharyya,0.005254125222563744,0.010480761528015137,,,,poor
Moschun,s2__composite__b11__winter_baseline,bhattacharyya,0.005254125222563744,0.010480761528015137,,,,poor
Moschun,s2__composite__b12__delta,bhattacharyya,0.2204865962266922,0.3957432508468628,,,,poor
Moschun,s2__composite__b12__post_winter_baseline,bhattacharyya,0.11331702023744583,0.2142648696899414,,,,poor
Moschun,s2__composite__b12__prebattle_baseline,bhattacharyya,0.004559336695820093,0.009097933769226074,,,,poor
Moschun,s2__composite__b12__winter_baseline,bhattacharyya,0.004559336695820093,0.009097933769226074,,,,poor
Moschun,s2__composite__b8a__delta,bhattacharyya,0.05740772932767868,0.11158204078674316,,,,poor
Moschun,s2__composite__b8a__post_winter_baseline,bhattacharyya,0.006793563719838858,0.013541102409362793,,,,poor
Moschun,s2__composite__b8a__prebattle_baseline,bhattacharyya,0.028989307582378387,0.05714619159698486,,,,poor
Moschun,s2__composite__b8a__winter_baseline,bhattacharyya,0.028989307582378387,0.05714619159698486,,,,poor
Moschun,s2__composite__cire__delta,bhattacharyya,0.00010685196320991963,0.00021374225616455078,,,,poor
Moschun,s2__composite__cire__post_winter_baseline,bhattacharyya,0.011777631938457489,0.023417115211486816,,,,poor
Moschun,s2__composite__cire__prebattle_baseline,bhattacharyya,0.0026501184329390526,0.005293369293212891,,,,poor
Moschun,s2__composite__cire__winter_baseline,bhattacharyya,0.0026501184329390526,0.005293369293212891,,,,poor
Moschun,s2__composite__mndwi__delta,bhattacharyya,0.006467037834227085,0.012892484664916992,,,,poor
Moschun,s2__composite__mndwi__post_winter_baseline,bhattacharyya,0.005181930027902126,0.010337233543395996,,,,poor
Moschun,s2__composite__mndwi__prebattle_baseline,bhattacharyya,0.0007002117345109582,0.001399993896484375,,,,poor
Moschun,s2__composite__mndwi__winter_baseline,bhattacharyya,0.0007002117345109582,0.001399993896484375,,,,poor
Moschun,s2__composite__ndbi__delta,bhattacharyya,0.008429978042840958,0.01678919792175293,,,,poor
Moschun,s2__composite__ndbi__post_winter_baseline,bhattacharyya,0.01245941873639822,0.024764299392700195,,,,poor
Moschun,s2__composite__ndbi__prebattle_baseline,bhattacharyya,0.01499537006020546,0.02976703643798828,,,,poor
Moschun,s2__composite__ndbi__winter_baseline,bhattacharyya,0.01499537006020546,0.02976703643798828,,,,poor
Moschun,s2__composite__ndre__delta,bhattacharyya,0.001952080288901925,0.00390017032623291,,,,poor
Moschun,s2__composite__ndre__post_winter_baseline,bhattacharyya,0.009002018719911575,0.01792323589324951,,,,poor
Moschun,s2__composite__ndre__prebattle_baseline,bhattacharyya,0.00012307950237300247,0.0002461671829223633,,,,poor
Moschun,s2__composite__ndre__winter_baseline,bhattacharyya,0.00012307950237300247,0.0002461671829223633,,,,poor
Moschun,s2__composite__ndvi__delta,bhattacharyya,0.0074220020323991776,0.014789104461669922,,,,poor
Moschun,s2__composite__ndvi__post_winter_baseline,bhattacharyya,0.004140421748161316,0.008263707160949707,,,,poor
Moschun,s2__composite__ndvi__prebattle_baseline,bhattacharyya,0.005835110787302256,0.011636137962341309,,,,poor
Moschun,s2__composite__ndvi__winter_baseline,bhattacharyya,0.005835110787302256,0.011636137962341309,,,,poor
Moschun,s2__composite__ndwi__delta,bhattacharyya,0.00490465248003602,0.009785294532775879,,,,poor
Moschun,s2__composite__ndwi__post_winter_baseline,bhattacharyya,0.0017892676405608654,0.0035753250122070312,,,,poor
Moschun,s2__composite__ndwi__prebattle_baseline,bhattacharyya,0.0036452580243349075,0.007277250289916992,,,,poor
Moschun,s2__composite__ndwi__winter_baseline,bhattacharyya,0.0036452580243349075,0.007277250289916992,,,,poor
Moschun,s2__obs_count__delta,chi_square,,,0.0,1.0,0.0,poor
Moschun,s2__obs_count__prebattle_baseline,chi_square,,,0.0,1.0,0.0,poor
Moschun,s2__obs_count__winter_baseline,chi_square,,,0.0,1.0,0.0,poor
Moschun,s2__qa__cloud_freq__crossbattle,bhattacharyya,0.023126378655433655,0.045722126960754395,,,,poor
Moschun,s2__qa__cloud_freq__postbattle,bhattacharyya,0.0481593981385231,0.09403622150421143,,,,poor
Moschun,s2__qa__cloud_freq__prebattle,bhattacharyya,,,,,,poor
Moschun,s2__visibility__clear__freq__crossbattle,bhattacharyya,,,,,,poor
Moschun,s2__visibility__clear__freq__postbattle,bhattacharyya,0.0002569973294157535,0.000513911247253418,,,,poor
Moschun,s2__visibility__clear__freq__prebattle,bhattacharyya,0.02907772734761238,0.05731809139251709,,,,poor
Moschun,s2__visibility__cloud__freq__crossbattle,bhattacharyya,,,,,,poor
Moschun,s2__visibility__cloud__freq__postbattle,bhattacharyya,0.015772342681884766,0.03129708766937256,,,,poor
Moschun,s2__visibility__cloud__freq__prebattle,bhattacharyya,0.00027174511342309415,0.0005434751510620117,,,,poor
Moschun,s2__visibility__fire__freq__crossbattle,bhattacharyya,,,,,,poor
Moschun,s2__visibility__fire__freq__postbattle,bhattacharyya,,,,,,poor
Moschun,s2__visibility__fire__freq__prebattle,bhattacharyya,,,,,,poor
Moschun,s2__visibility__smoke__freq__postbattle,bhattacharyya,,,,,,poor
Moschun,s2__visibility__smoke__freq__prebattle,chi_square,,,2.8088640665995066,0.24550645635383267,0.054035332117488684,poor
Okhtyrka,s2__visibility__fire__freq__prebattle,bhattacharyya,0.7969114780426025,1.098562240600586,,,,moderate
Okhtyrka,s2__composite__b02__delta,bhattacharyya,0.06509936600923538,0.12605130672454834,,,,poor
Okhtyrka,s2__composite__b02__post_winter_baseline,bhattacharyya,0.0412437841296196,0.08080971240997314,,,,poor
Okhtyrka,s2__composite__b02__prebattle_baseline,bhattacharyya,0.011367075145244598,0.022605419158935547,,,,poor
Okhtyrka,s2__composite__b02__winter_baseline,bhattacharyya,0.011367075145244598,0.022605419158935547,,,,poor
Okhtyrka,s2__composite__b03__delta,bhattacharyya,0.01508241705596447,0.029938459396362305,,,,poor
Okhtyrka,s2__composite__b03__post_winter_baseline,bhattacharyya,0.03653407841920853,0.07174956798553467,,,,poor
Okhtyrka,s2__composite__b03__prebattle_baseline,bhattacharyya,0.012004191055893898,0.02386486530303955,,,,poor
Okhtyrka,s2__composite__b03__winter_baseline,bhattacharyya,0.012004191055893898,0.02386486530303955,,,,poor
Okhtyrka,s2__composite__b04__delta,bhattacharyya,0.003845785278826952,0.007676839828491211,,,,poor
Okhtyrka,s2__composite__b04__post_winter_baseline,bhattacharyya,0.03494467958807945,0.06868231296539307,,,,poor
Okhtyrka,s2__composite__b04__prebattle_baseline,bhattacharyya,0.020267346873879433,0.040126681327819824,,,,poor
Okhtyrka,s2__composite__b04__winter_baseline,bhattacharyya,0.020267346873879433,0.040126681327819824,,,,poor
Okhtyrka,s2__composite__b05__delta,bhattacharyya,0.0038918578065931797,0.0077686309814453125,,,,poor
Okhtyrka,s2__composite__b05__post_winter_baseline,bhattacharyya,0.013415387831628323,0.026651740074157715,,,,poor
Okhtyrka,s2__composite__b05__prebattle_baseline,bhattacharyya,0.03045279160141945,0.059987545013427734,,,,poor
Okhtyrka,s2__composite__b05__winter_baseline,bhattacharyya,0.03045279160141945,0.059987545013427734,,,,poor
Okhtyrka,s2__composite__b07__delta,bhattacharyya,0.01026157010346651,0.020418167114257812,,,,poor
Okhtyrka,s2__composite__b07__post_winter_baseline,bhattacharyya,0.0034407381899654865,0.006869673728942871,,,,poor
Okhtyrka,s2__composite__b07__prebattle_baseline,bhattacharyya,0.03379358351230621,0.06645798683166504,,,,poor
Okhtyrka,s2__composite__b07__winter_baseline,bhattacharyya,0.03379358351230621,0.06645798683166504,,,,poor
Okhtyrka,s2__composite__b08__delta,bhattacharyya,0.018103020265698433,0.035880327224731445,,,,poor
Okhtyrka,s2__composite__b08__post_winter_baseline,bhattacharyya,0.011686552315950394,0.023237109184265137,,,,poor
Okhtyrka,s2__composite__b08__prebattle_baseline,bhattacharyya,0.026430245488882065,0.05216813087463379,,,,poor
Okhtyrka,s2__composite__b08__winter_baseline,bhattacharyya,0.026430245488882065,0.05216813087463379,,,,poor
Okhtyrka,s2__composite__b11__delta,bhattacharyya,0.0017608311027288437,0.0035185813903808594,,,,poor
Okhtyrka,s2__composite__b11__post_winter_baseline,bhattacharyya,0.00014994351658970118,0.0002999305725097656,,,,poor
Okhtyrka,s2__composite__b11__prebattle_baseline,bhattacharyya,0.0012251839507371187,0.0024489164352416992,,,,poor
Okhtyrka,s2__composite__b11__winter_baseline,bhattacharyya,0.0012251839507371187,0.0024489164352416992,,,,poor
Okhtyrka,s2__composite__b12__delta,bhattacharyya,0.0029143381398171186,0.005820274353027344,,,,poor
Okhtyrka,s2__composite__b12__post_winter_baseline,bhattacharyya,0.002962076338008046,0.005915522575378418,,,,poor
Okhtyrka,s2__composite__b12__prebattle_baseline,bhattacharyya,0.006874857470393181,0.013702630996704102,,,,poor
Okhtyrka,s2__composite__b12__winter_baseline,bhattacharyya,0.006874857470393181,0.013702630996704102,,,,poor
Okhtyrka,s2__composite__b8a__delta,bhattacharyya,0.015529460273683071,0.030818939208984375,,,,poor
Okhtyrka,s2__composite__b8a__post_winter_baseline,bhattacharyya,0.005947543773800135,0.011859774589538574,,,,poor
Okhtyrka,s2__composite__b8a__prebattle_baseline,bhattacharyya,0.03428834676742554,0.0674142837524414,,,,poor
Okhtyrka,s2__composite__b8a__winter_baseline,bhattacharyya,0.03428834676742554,0.0674142837524414,,,,poor
Okhtyrka,s2__composite__cire__delta,bhattacharyya,0.011562597937881947,0.02299201488494873,,,,poor
Okhtyrka,s2__composite__cire__post_winter_baseline,bhattacharyya,0.032563235610723495,0.06407761573791504,,,,poor
Okhtyrka,s2__composite__cire__prebattle_baseline,bhattacharyya,0.04038823023438454,0.07916700839996338,,,,poor
Okhtyrka,s2__composite__cire__winter_baseline,bhattacharyya,0.04038823023438454,0.07916700839996338,,,,poor
Okhtyrka,s2__composite__mndwi__delta,bhattacharyya,0.0012967712245881557,0.002591729164123535,,,,poor
Okhtyrka,s2__composite__mndwi__post_winter_baseline,bhattacharyya,0.018387742340564728,0.03643941879272461,,,,poor
Okhtyrka,s2__composite__mndwi__prebattle_baseline,bhattacharyya,0.00772889144718647,0.015398263931274414,,,,poor
Okhtyrka,s2__composite__mndwi__winter_baseline,bhattacharyya,0.00772889144718647,0.015398263931274414,,,,poor
Okhtyrka,s2__composite__ndbi__delta,bhattacharyya,0.01714150235056877,0.03399085998535156,,,,poor
Okhtyrka,s2__composite__ndbi__post_winter_baseline,bhattacharyya,0.021829692646861076,0.043186306953430176,,,,poor
Okhtyrka,s2__composite__ndbi__prebattle_baseline,bhattacharyya,0.024154042825102806,0.0477294921875,,,,poor
Okhtyrka,s2__composite__ndbi__winter_baseline,bhattacharyya,0.024154042825102806,0.0477294921875,,,,poor
Okhtyrka,s2__composite__ndre__delta,bhattacharyya,0.028055008500814438,0.05533015727996826,,,,poor
Okhtyrka,s2__composite__ndre__post_winter_baseline,bhattacharyya,0.032542552798986435,0.06403756141662598,,,,poor
Okhtyrka,s2__composite__ndre__prebattle_baseline,bhattacharyya,0.04345953091979027,0.08505737781524658,,,,poor
Okhtyrka,s2__composite__ndre__winter_baseline,bhattacharyya,0.04345953091979027,0.08505737781524658,,,,poor
Okhtyrka,s2__composite__ndvi__delta,bhattacharyya,0.026076925918459892,0.05147981643676758,,,,poor
Okhtyrka,s2__composite__ndvi__post_winter_baseline,bhattacharyya,0.02103433944284916,0.04162919521331787,,,,poor
Okhtyrka,s2__composite__ndvi__prebattle_baseline,bhattacharyya,0.03547673299908638,0.0697096586227417,,,,poor
Okhtyrka,s2__composite__ndvi__winter_baseline,bhattacharyya,0.03547673299908638,0.0697096586227417,,,,poor
Okhtyrka,s2__composite__ndwi__delta,bhattacharyya,0.025609813630580902,0.05056941509246826,,,,poor
Okhtyrka,s2__composite__ndwi__post_winter_baseline,bhattacharyya,0.019255071878433228,0.038141727447509766,,,,poor
Okhtyrka,s2__composite__ndwi__prebattle_baseline,bhattacharyya,0.026302294805645943,0.051918745040893555,,,,poor
Okhtyrka,s2__composite__ndwi__winter_baseline,bhattacharyya,0.026302294805645943,0.051918745040893555,,,,poor
Okhtyrka,s2__qa__cloud_freq__crossbattle,bhattacharyya,,,,,,poor
Okhtyrka,s2__qa__cloud_freq__postbattle,bhattacharyya,,,,,,poor
Okhtyrka,s2__qa__cloud_freq__prebattle,bhattacharyya,,,,,,poor
Okhtyrka,s2__visibility__clear__freq__crossbattle,bhattacharyya,,,,,,poor
Okhtyrka,s2__visibility__clear__freq__postbattle,bhattacharyya,0.2436521053314209,0.43247950077056885,,,,poor
Okhtyrka,s2__visibility__clear__freq__prebattle,bhattacharyya,0.4813086688518524,0.7640516757965088,,,,poor
Okhtyrka,s2__visibility__cloud__freq__crossbattle,bhattacharyya,,,,,,poor
Okhtyrka,s2__visibility__cloud__freq__postbattle,bhattacharyya,,,,,,poor
Okhtyrka,s2__visibility__cloud__freq__prebattle,bhattacharyya,,,,,,poor
Okhtyrka,s2__visibility__fire__freq__crossbattle,bhattacharyya,,,,,,poor
Okhtyrka,s2__visibility__fire__freq__postbattle,bhattacharyya,0.3119316101074219,0.5359369516372681,,,,poor
Okhtyrka,s2__visibility__smoke__freq__postbattle,bhattacharyya,,,,,,poor
Okhtyrka,s2__visibility__smoke__freq__prebattle,chi_square,,,0.0,1.0,0.0,poor
Rubizhne,s2__composite__b02__delta,bhattacharyya,0.024968810379505157,0.04931938648223877,,,,poor
Rubizhne,s2__composite__b02__post_winter_baseline,bhattacharyya,0.08969554305076599,0.17158091068267822,,,,poor
Rubizhne,s2__composite__b02__prebattle_baseline,bhattacharyya,0.0008657514699734747,0.0017309188842773438,,,,poor
Rubizhne,s2__composite__b02__winter_baseline,bhattacharyya,0.0008657514699734747,0.0017309188842773438,,,,poor
Rubizhne,s2__composite__b03__delta,bhattacharyya,0.020679157227277756,0.04093372821807861,,,,poor
Rubizhne,s2__composite__b03__post_winter_baseline,bhattacharyya,0.08211752027273178,0.15767264366149902,,,,poor
Rubizhne,s2__composite__b03__prebattle_baseline,bhattacharyya,0.0018964987248182297,0.003789186477661133,,,,poor
Rubizhne,s2__composite__b03__winter_baseline,bhattacharyya,0.0018964987248182297,0.003789186477661133,,,,poor
Rubizhne,s2__composite__b04__delta,bhattacharyya,0.01824665628373623,0.036162495613098145,,,,poor
Rubizhne,s2__composite__b04__post_winter_baseline,bhattacharyya,0.07232687622308731,0.13954651355743408,,,,poor
Rubizhne,s2__composite__b04__prebattle_baseline,bhattacharyya,0.002740601310506463,0.005473613739013672,,,,poor
Rubizhne,s2__composite__b04__winter_baseline,bhattacharyya,0.002740601310506463,0.005473613739013672,,,,poor
Rubizhne,s2__composite__b05__delta,bhattacharyya,0.015234392136335373,0.030237913131713867,,,,poor
Rubizhne,s2__composite__b05__post_winter_baseline,bhattacharyya,0.02737751230597496,0.054012298583984375,,,,poor
Rubizhne,s2__composite__b05__prebattle_baseline,bhattacharyya,0.0028876892756670713,0.0057669878005981445,,,,poor
Rubizhne,s2__composite__b05__winter_baseline,bhattacharyya,0.0028876892756670713,0.0057669878005981445,,,,poor
Rubizhne,s2__composite__b07__delta,bhattacharyya,0.003194712335243821,0.006379246711730957,,,,poor
Rubizhne,s2__composite__b07__post_winter_baseline,bhattacharyya,0.0014798971824347973,0.0029577016830444336,,,,poor
Rubizhne,s2__composite__b07__prebattle_baseline,bhattacharyya,0.003819904290139675,0.007625222206115723,,,,poor
Rubizhne,s2__composite__b07__winter_baseline,bhattacharyya,0.003819904290139675,0.007625222206115723,,,,poor
Rubizhne,s2__composite__b08__delta,bhattacharyya,0.002268672687932849,0.004532217979431152,,,,poor
Rubizhne,s2__composite__b08__post_winter_baseline,bhattacharyya,0.004723795223981142,0.00942540168762207,,,,poor
Rubizhne,s2__composite__b08__prebattle_baseline,bhattacharyya,0.000900343875400722,0.0017998218536376953,,,,poor
Rubizhne,s2__composite__b08__winter_baseline,bhattacharyya,0.000900343875400722,0.0017998218536376953,,,,poor
Rubizhne,s2__composite__b11__delta,bhattacharyya,0.024719245731830597,0.04883253574371338,,,,poor
Rubizhne,s2__composite__b11__post_winter_baseline,bhattacharyya,0.015042833052575588,0.029860377311706543,,,,poor
Rubizhne,s2__composite__b11__prebattle_baseline,bhattacharyya,0.0037314395885914564,0.007448911666870117,,,,poor
Rubizhne,s2__composite__b11__winter_baseline,bhattacharyya,0.0037314395885914564,0.007448911666870117,,,,poor
Rubizhne,s2__composite__b12__delta,bhattacharyya,0.035068806260824203,0.06892192363739014,,,,poor
Rubizhne,s2__composite__b12__post_winter_baseline,bhattacharyya,0.03060748800635338,0.06028759479522705,,,,poor
Rubizhne,s2__composite__b12__prebattle_baseline,bhattacharyya,0.0034649488516151905,0.0069179534912109375,,,,poor
Rubizhne,s2__composite__b12__winter_baseline,bhattacharyya,0.0034649488516151905,0.0069179534912109375,,,,poor
Rubizhne,s2__composite__b8a__delta,bhattacharyya,0.0029263198375701904,0.005843997001647949,,,,poor
Rubizhne,s2__composite__b8a__post_winter_baseline,bhattacharyya,0.0005250900285318494,0.0010499954223632812,,,,poor
Rubizhne,s2__composite__b8a__prebattle_baseline,bhattacharyya,0.005175666883587837,0.010324597358703613,,,,poor
Rubizhne,s2__composite__b8a__winter_baseline,bhattacharyya,0.005175666883587837,0.010324597358703613,,,,poor
Rubizhne,s2__composite__cire__delta,bhattacharyya,0.012522869743406773,0.024889469146728516,,,,poor
Rubizhne,s2__composite__cire__post_winter_baseline,bhattacharyya,0.015396731905639172,0.03055751323699951,,,,poor
Rubizhne,s2__composite__cire__prebattle_baseline,bhattacharyya,0.00642370292916894,0.012806296348571777,,,,poor
Rubizhne,s2__composite__cire__winter_baseline,bhattacharyya,0.00642370292916894,0.012806296348571777,,,,poor
Rubizhne,s2__composite__mndwi__delta,bhattacharyya,0.01287764497101307,0.025590062141418457,,,,poor
Rubizhne,s2__composite__mndwi__post_winter_baseline,bhattacharyya,0.07006245851516724,0.13532888889312744,,,,poor
Rubizhne,s2__composite__mndwi__prebattle_baseline,bhattacharyya,0.0025901254266500473,0.0051735639572143555,,,,poor
Rubizhne,s2__composite__mndwi__winter_baseline,bhattacharyya,0.0025901254266500473,0.0051735639572143555,,,,poor
Rubizhne,s2__composite__ndbi__delta,bhattacharyya,0.0021988190710544586,0.004392862319946289,,,,poor
Rubizhne,s2__composite__ndbi__post_winter_baseline,bhattacharyya,0.0003023837925866246,0.0006048679351806641,,,,poor
Rubizhne,s2__composite__ndbi__prebattle_baseline,bhattacharyya,0.00038565893191844225,0.0007710456848144531,,,,poor
Rubizhne,s2__composite__ndbi__winter_baseline,bhattacharyya,0.00038565893191844225,0.0007710456848144531,,,,poor
Rubizhne,s2__composite__ndre__delta,bhattacharyya,0.012581060640513897,0.02500462532043457,,,,poor
Rubizhne,s2__composite__ndre__post_winter_baseline,bhattacharyya,0.01859153062105179,0.03683948516845703,,,,poor
Rubizhne,s2__composite__ndre__prebattle_baseline,bhattacharyya,0.006848764140158892,0.013650894165039062,,,,poor
Rubizhne,s2__composite__ndre__winter_baseline,bhattacharyya,0.006848764140158892,0.013650894165039062,,,,poor
Rubizhne,s2__composite__ndvi__delta,bhattacharyya,0.028607754036784172,0.056404948234558105,,,,poor
Rubizhne,s2__composite__ndvi__post_winter_baseline,bhattacharyya,0.030575521290302277,0.060225605964660645,,,,poor
Rubizhne,s2__composite__ndvi__prebattle_baseline,bhattacharyya,0.00892934575676918,0.017779231071472168,,,,poor
Rubizhne,s2__composite__ndvi__winter_baseline,bhattacharyya,0.00892934575676918,0.017779231071472168,,,,poor
Rubizhne,s2__composite__ndwi__delta,bhattacharyya,0.03400455042719841,0.06686580181121826,,,,poor
Rubizhne,s2__composite__ndwi__post_winter_baseline,bhattacharyya,0.03336696699261665,0.06563282012939453,,,,poor
Rubizhne,s2__composite__ndwi__prebattle_baseline,bhattacharyya,0.006149199791252613,0.012260675430297852,,,,poor
Rubizhne,s2__composite__ndwi__winter_baseline,bhattacharyya,0.006149199791252613,0.012260675430297852,,,,poor
Rubizhne,s2__obs_count__delta,chi_square,,,0.010761889062247412,0.9173760593868227,0.00146680510142529,poor
Rubizhne,s2__obs_count__post_winter_baseline,chi_square,,,0.010761889062247412,0.9173760593868227,0.00146680510142529,poor
Rubizhne,s2__qa__cloud_freq__crossbattle,bhattacharyya,0.14173242449760437,0.26429319381713867,,,,poor
Rubizhne,s2__qa__cloud_freq__postbattle,bhattacharyya,4.046554386150092e-05,8.094310760498047e-05,,,,poor
Rubizhne,s2__qa__cloud_freq__prebattle,bhattacharyya,,,,,,poor
Rubizhne,s2__visibility__clear__freq__crossbattle,bhattacharyya,0.10664040595293045,0.20230233669281006,,,,poor
Rubizhne,s2__visibility__clear__freq__postbattle,bhattacharyya,1.0410242794023361e-05,2.086162567138672e-05,,,,poor
Rubizhne,s2__visibility__clear__freq__prebattle,bhattacharyya,0.07839324325323105,0.15079843997955322,,,,poor
Rubizhne,s2__visibility__cloud__freq__crossbattle,bhattacharyya,0.11428715288639069,0.21599650382995605,,,,poor
Rubizhne,s2__visibility__cloud__freq__postbattle,bhattacharyya,4.942399755236693e-06,9.775161743164062e-06,,,,poor
Rubizhne,s2__visibility__cloud__freq__prebattle,bhattacharyya,0.0008008081931620836,0.0016008615493774414,,,,poor
Rubizhne,s2__visibility__fire__freq__crossbattle,bhattacharyya,0.09074366092681885,0.17349648475646973,,,,poor
Rubizhne,s2__visibility__fire__freq__postbattle,bhattacharyya,,,,,,poor
Rubizhne,s2__visibility__fire__freq__prebattle,bhattacharyya,,,,,,poor
Rubizhne,s2__visibility__smoke__freq__postbattle,bhattacharyya,,,,,,poor
Rubizhne,s2__visibility__smoke__freq__prebattle,chi_square,,,0.0,1.0,0.0,poor
Sievierodonetsk,s2__composite__b02__delta,bhattacharyya,0.03415306285023689,0.06715285778045654,,,,poor
Sievierodonetsk,s2__composite__b02__post_winter_baseline,bhattacharyya,0.07476288080215454,0.1440730094909668,,,,poor
Sievierodonetsk,s2__composite__b02__prebattle_baseline,bhattacharyya,0.024410419166088104,0.04822981357574463,,,,poor
Sievierodonetsk,s2__composite__b02__winter_baseline,bhattacharyya,0.019324891269207,0.03827869892120361,,,,poor
Sievierodonetsk,s2__composite__b03__delta,bhattacharyya,0.02662694826722145,0.05255115032196045,,,,poor
Sievierodonetsk,s2__composite__b03__post_winter_baseline,bhattacharyya,0.0648503229022026,0.12558448314666748,,,,poor
Sievierodonetsk,s2__composite__b03__prebattle_baseline,bhattacharyya,0.023872751742601395,0.04718005657196045,,,,poor
Sievierodonetsk,s2__composite__b03__winter_baseline,bhattacharyya,0.01886824518442154,0.03738272190093994,,,,poor
Sievierodonetsk,s2__composite__b04__delta,bhattacharyya,0.030613278970122337,0.060298919677734375,,,,poor
Sievierodonetsk,s2__composite__b04__post_winter_baseline,bhattacharyya,0.05445639044046402,0.10600042343139648,,,,poor
Sievierodonetsk,s2__composite__b04__prebattle_baseline,bhattacharyya,0.019320925697684288,0.03827083110809326,,,,poor
Sievierodonetsk,s2__composite__b04__winter_baseline,bhattacharyya,0.01538470946252346,0.030533790588378906,,,,poor
Sievierodonetsk,s2__composite__b05__delta,bhattacharyya,0.026283571496605873,0.051882386207580566,,,,poor
Sievierodonetsk,s2__composite__b05__post_winter_baseline,bhattacharyya,0.036782823503017426,0.07222914695739746,,,,poor
Sievierodonetsk,s2__composite__b05__prebattle_baseline,bhattacharyya,0.01497397106140852,0.029724836349487305,,,,poor
Sievierodonetsk,s2__composite__b05__winter_baseline,bhattacharyya,0.011054574511945248,0.021987199783325195,,,,poor
Sievierodonetsk,s2__composite__b07__delta,bhattacharyya,0.03928644210100174,0.0770496129989624,,,,poor
Sievierodonetsk,s2__composite__b07__post_winter_baseline,bhattacharyya,0.014513356611132622,0.028817057609558105,,,,poor
Sievierodonetsk,s2__composite__b07__prebattle_baseline,bhattacharyya,0.012874908745288849,0.025584697723388672,,,,poor
Sievierodonetsk,s2__composite__b07__winter_baseline,bhattacharyya,0.012028481811285019,0.023912906646728516,,,,poor
Sievierodonetsk,s2__composite__b08__delta,bhattacharyya,0.02811392769217491,0.055444955825805664,,,,poor
Sievierodonetsk,s2__composite__b08__post_winter_baseline,bhattacharyya,0.012149467132985592,0.024151921272277832,,,,poor
Sievierodonetsk,s2__composite__b08__prebattle_baseline,bhattacharyya,0.013247070834040642,0.026319503784179688,,,,poor
Sievierodonetsk,s2__composite__b08__winter_baseline,bhattacharyya,0.013440104201436043,0.026700496673583984,,,,poor
Sievierodonetsk,s2__composite__b11__delta,bhattacharyya,0.0672968178987503,0.1301647424697876,,,,poor
Sievierodonetsk,s2__composite__b11__post_winter_baseline,bhattacharyya,0.014172511175274849,0.0281449556350708,,,,poor
Sievierodonetsk,s2__composite__b11__prebattle_baseline,bhattacharyya,0.022094624117016792,0.04370474815368652,,,,poor
Sievierodonetsk,s2__composite__b11__winter_baseline,bhattacharyya,0.023143833503127098,0.04575610160827637,,,,poor
Sievierodonetsk,s2__composite__b12__delta,bhattacharyya,0.07113554328680038,0.13732874393463135,,,,poor
Sievierodonetsk,s2__composite__b12__post_winter_baseline,bhattacharyya,0.01699933037161827,0.03371131420135498,,,,poor
Sievierodonetsk,s2__composite__b12__prebattle_baseline,bhattacharyya,0.014399910345673561,0.02859354019165039,,,,poor
Sievierodonetsk,s2__composite__b12__winter_baseline,bhattacharyya,0.014135032892227173,0.028071165084838867,,,,poor
Sievierodonetsk,s2__composite__b8a__delta,bhattacharyya,0.03678017854690552,0.07222402095794678,,,,poor
Sievierodonetsk,s2__composite__b8a__post_winter_baseline,bhattacharyya,0.017287787050008774,0.0342785120010376,,,,poor
Sievierodonetsk,s2__composite__b8a__prebattle_baseline,bhattacharyya,0.018331019207835197,0.03632795810699463,,,,poor
Sievierodonetsk,s2__composite__b8a__winter_baseline,bhattacharyya,0.017995685338974,0.035669565200805664,,,,poor
Sievierodonetsk,s2__composite__cire__delta,bhattacharyya,0.06883274763822556,0.13303446769714355,,,,poor
Sievierodonetsk,s2__composite__cire__post_winter_baseline,bhattacharyya,0.0828259065747261,0.15897727012634277,,,,poor
Sievierodonetsk,s2__composite__cire__prebattle_baseline,bhattacharyya,0.049294717609882355,0.09619903564453125,,,,poor
Sievierodonetsk,s2__composite__cire__winter_baseline,bhattacharyya,0.04358316585421562,0.08529400825500488,,,,poor
Sievierodonetsk,s2__composite__mndwi__delta,bhattacharyya,0.006981489714235067,0.013914227485656738,,,,poor
Sievierodonetsk,s2__composite__mndwi__post_winter_baseline,bhattacharyya,0.07162132114171982,0.13823342323303223,,,,poor
Sievierodonetsk,s2__composite__mndwi__prebattle_baseline,bhattacharyya,0.059371523559093475,0.11528670787811279,,,,poor
Sievierodonetsk,s2__composite__mndwi__winter_baseline,bhattacharyya,0.05478987842798233,0.10663199424743652,,,,poor
Sievierodonetsk,s2__composite__ndbi__delta,bhattacharyya,0.04440440610051155,0.08686602115631104,,,,poor
Sievierodonetsk,s2__composite__ndbi__post_winter_baseline,bhattacharyya,0.010356951504945755,0.0206071138381958,,,,poor
Sievierodonetsk,s2__composite__ndbi__prebattle_baseline,bhattacharyya,0.0008807401172816753,0.0017606019973754883,,,,poor
Sievierodonetsk,s2__composite__ndbi__winter_baseline,bhattacharyya,0.0007522640516981483,0.0015039443969726562,,,,poor
Sievierodonetsk,s2__composite__ndre__delta,bhattacharyya,0.04267723858356476,0.08355867862701416,,,,poor
Sievierodonetsk,s2__composite__ndre__post_winter_baseline,bhattacharyya,0.07305943965911865,0.1409088373184204,,,,poor
Sievierodonetsk,s2__composite__ndre__prebattle_baseline,bhattacharyya,0.04859450086951256,0.09486532211303711,,,,poor
Sievierodonetsk,s2__composite__ndre__winter_baseline,bhattacharyya,0.04106758162379265,0.08047151565551758,,,,poor
Sievierodonetsk,s2__composite__ndvi__delta,bhattacharyya,0.07585663348436356,0.14610183238983154,,,,poor
Sievierodonetsk,s2__composite__ndvi__post_winter_baseline,bhattacharyya,0.11620820313692093,0.21942031383514404,,,,poor
Sievierodonetsk,s2__composite__ndvi__prebattle_baseline,bhattacharyya,0.07859556376934052,0.15117251873016357,,,,poor
Sievierodonetsk,s2__composite__ndvi__winter_baseline,bhattacharyya,0.07397354394197464,0.14260756969451904,,,,poor
Sievierodonetsk,s2__composite__ndwi__delta,bhattacharyya,0.033862292766571045,0.06659078598022461,,,,poor
Sievierodonetsk,s2__composite__ndwi__post_winter_baseline,bhattacharyya,0.09716946631669998,0.1851956844329834,,,,poor
Sievierodonetsk,s2__composite__ndwi__prebattle_baseline,bhattacharyya,0.07242520153522491,0.13972938060760498,,,,poor
Sievierodonetsk,s2__composite__ndwi__winter_baseline,bhattacharyya,0.06785591691732407,0.13120973110198975,,,,poor
Sievierodonetsk,s2__obs_count__delta,chi_square,,,1.8448174848697998,0.6052310474722309,0.020434492077641878,poor
Sievierodonetsk,s2__obs_count__post_winter_baseline,chi_square,,,1.4438022046007086,0.22952505076761714,0.018077609238281563,poor
Sievierodonetsk,s2__obs_count__prebattle_baseline,chi_square,,,0.1936394850736629,0.9077196146220041,0.006620398075805778,poor
Sievierodonetsk,s2__obs_count__winter_baseline,chi_square,,,0.2356692039312686,0.8888430533513498,0.007303626599538966,poor
Sievierodonetsk,s2__qa__cloud_freq__crossbattle,bhattacharyya,,,,,,poor
Sievierodonetsk,s2__qa__cloud_freq__postbattle,bhattacharyya,0.023895027115941048,0.047223448753356934,,,,poor
Sievierodonetsk,s2__qa__cloud_freq__prebattle,bhattacharyya,3.838530392386019e-05,7.665157318115234e-05,,,,poor
Sievierodonetsk,s2__visibility__clear__freq__crossbattle,bhattacharyya,,,,,,poor
Sievierodonetsk,s2__visibility__clear__freq__postbattle,bhattacharyya,0.008514471352100372,0.016956686973571777,,,,poor
Sievierodonetsk,s2__visibility__clear__freq__prebattle,bhattacharyya,2.570135438872967e-05,5.137920379638672e-05,,,,poor
Sievierodonetsk,s2__visibility__cloud__freq__crossbattle,bhattacharyya,,,,,,poor
Sievierodonetsk,s2__visibility__cloud__freq__postbattle,bhattacharyya,0.04870600625872612,0.0950777530670166,,,,poor
Sievierodonetsk,s2__visibility__cloud__freq__prebattle,bhattacharyya,0.0005429615848697722,0.0010856389999389648,,,,poor
Sievierodonetsk,s2__visibility__fire__freq__crossbattle,bhattacharyya,,,,,,poor
Sievierodonetsk,s2__visibility__fire__freq__postbattle,bhattacharyya,0.006289380136877298,0.012539148330688477,,,,poor
Sievierodonetsk,s2__visibility__fire__freq__prebattle,bhattacharyya,0.21462373435497284,0.3863101005554199,,,,poor
Sievierodonetsk,s2__visibility__smoke__freq__postbattle,bhattacharyya,,,,,,poor
Sievierodonetsk,s2__visibility__smoke__freq__prebattle,chi_square,,,0.4613469259991423,0.9272974550348497,0.01021882495354641,poor
Trostianets,s2__composite__b02__delta,bhattacharyya,0.0019274852238595486,0.00385129451751709,,,,poor
Trostianets,s2__composite__b02__post_winter_baseline,bhattacharyya,0.013829909265041351,0.027469277381896973,,,,poor
Trostianets,s2__composite__b02__prebattle_baseline,bhattacharyya,0.009056816808879375,0.018031954765319824,,,,poor
Trostianets,s2__composite__b02__winter_baseline,bhattacharyya,0.009056816808879375,0.018031954765319824,,,,poor
Trostianets,s2__composite__b03__delta,bhattacharyya,0.0030458569526672363,0.006082296371459961,,,,poor
Trostianets,s2__composite__b03__post_winter_baseline,bhattacharyya,0.0032492177560925484,0.0064879655838012695,,,,poor
Trostianets,s2__composite__b03__prebattle_baseline,bhattacharyya,0.01510513387620449,0.0299832820892334,,,,poor
Trostianets,s2__composite__b03__winter_baseline,bhattacharyya,0.01510513387620449,0.0299832820892334,,,,poor
Trostianets,s2__composite__b04__delta,bhattacharyya,0.0006010347860865295,0.0012017488479614258,,,,poor
Trostianets,s2__composite__b04__post_winter_baseline,bhattacharyya,0.03000529110431671,0.05911910533905029,,,,poor
Trostianets,s2__composite__b04__prebattle_baseline,bhattacharyya,0.01752130314707756,0.034737348556518555,,,,poor
Trostianets,s2__composite__b04__winter_baseline,bhattacharyya,0.01752130314707756,0.034737348556518555,,,,poor
Trostianets,s2__composite__b05__delta,bhattacharyya,0.0003230926813557744,0.0006461143493652344,,,,poor
Trostianets,s2__composite__b05__post_winter_baseline,bhattacharyya,0.007931818254292011,0.015800952911376953,,,,poor
Trostianets,s2__composite__b05__prebattle_baseline,bhattacharyya,0.004768304992467165,0.00951385498046875,,,,poor
Trostianets,s2__composite__b05__winter_baseline,bhattacharyya,0.004768304992467165,0.00951385498046875,,,,poor
Trostianets,s2__composite__b07__delta,bhattacharyya,0.00023087272711563855,0.0004616975784301758,,,,poor
Trostianets,s2__composite__b07__post_winter_baseline,bhattacharyya,0.003906640224158764,0.0077980756759643555,,,,poor
Trostianets,s2__composite__b07__prebattle_baseline,bhattacharyya,0.008448613807559013,0.01682591438293457,,,,poor
Trostianets,s2__composite__b07__winter_baseline,bhattacharyya,0.008448613807559013,0.01682591438293457,,,,poor
Trostianets,s2__composite__b08__delta,bhattacharyya,0.0010470193810760975,0.0020929574966430664,,,,poor
Trostianets,s2__composite__b08__post_winter_baseline,bhattacharyya,0.0449063740670681,0.08782613277435303,,,,poor
Trostianets,s2__composite__b08__prebattle_baseline,bhattacharyya,0.029059961438179016,0.057283639907836914,,,,poor
Trostianets,s2__composite__b08__winter_baseline,bhattacharyya,0.029059961438179016,0.057283639907836914,,,,poor
Trostianets,s2__composite__b11__delta,bhattacharyya,0.01258813962340355,0.02501857280731201,,,,poor
Trostianets,s2__composite__b11__post_winter_baseline,bhattacharyya,0.0022063697688281536,0.004407763481140137,,,,poor
Trostianets,s2__composite__b11__prebattle_baseline,bhattacharyya,0.002016840036958456,0.004029512405395508,,,,poor
Trostianets,s2__composite__b11__winter_baseline,bhattacharyya,0.002016840036958456,0.004029512405395508,,,,poor
Trostianets,s2__composite__b12__delta,bhattacharyya,0.01591719500720501,0.03158223628997803,,,,poor
Trostianets,s2__composite__b12__post_winter_baseline,bhattacharyya,0.0003633238666225225,0.0007264614105224609,,,,poor
Trostianets,s2__composite__b12__prebattle_baseline,bhattacharyya,0.0019695761147886515,0.003935337066650391,,,,poor
Trostianets,s2__composite__b12__winter_baseline,bhattacharyya,0.0019695761147886515,0.003935337066650391,,,,poor
Trostianets,s2__composite__b8a__delta,bhattacharyya,0.002116653136909008,0.004228830337524414,,,,poor
Trostianets,s2__composite__b8a__post_winter_baseline,bhattacharyya,0.01371693518012762,0.027246475219726562,,,,poor
Trostianets,s2__composite__b8a__prebattle_baseline,bhattacharyya,0.012141212821006775,0.024135589599609375,,,,poor
Trostianets,s2__composite__b8a__winter_baseline,bhattacharyya,0.012141212821006775,0.024135589599609375,,,,poor
Trostianets,s2__composite__cire__delta,bhattacharyya,0.0031688541639596224,0.0063277482986450195,,,,poor
Trostianets,s2__composite__cire__post_winter_baseline,bhattacharyya,0.010920660570263863,0.02172255516052246,,,,poor
Trostianets,s2__composite__cire__prebattle_baseline,bhattacharyya,0.04941648244857788,0.09643065929412842,,,,poor
Trostianets,s2__composite__cire__winter_baseline,bhattacharyya,0.04941648244857788,0.09643065929412842,,,,poor
Trostianets,s2__composite__mndwi__delta,bhattacharyya,0.002094463212415576,0.004184603691101074,,,,poor
Trostianets,s2__composite__mndwi__post_winter_baseline,bhattacharyya,0.003950473852455616,0.007885456085205078,,,,poor
Trostianets,s2__composite__mndwi__prebattle_baseline,bhattacharyya,0.007543109357357025,0.015029549598693848,,,,poor
Trostianets,s2__composite__mndwi__winter_baseline,bhattacharyya,0.007543109357357025,0.015029549598693848,,,,poor
Trostianets,s2__composite__ndbi__delta,bhattacharyya,0.0027570421807467937,0.0055065155029296875,,,,poor
Trostianets,s2__composite__ndbi__post_winter_baseline,bhattacharyya,0.012041808106005192,0.02393925189971924,,,,poor
Trostianets,s2__composite__ndbi__prebattle_baseline,bhattacharyya,0.008807350881397724,0.017537355422973633,,,,poor
Trostianets,s2__composite__ndbi__winter_baseline,bhattacharyya,0.008807350881397724,0.017537355422973633,,,,poor
Trostianets,s2__composite__ndre__delta,bhattacharyya,0.008496778085827827,0.016921520233154297,,,,poor
Trostianets,s2__composite__ndre__post_winter_baseline,bhattacharyya,0.03267940133810043,0.06430232524871826,,,,poor
Trostianets,s2__composite__ndre__prebattle_baseline,bhattacharyya,0.0219867080450058,0.04349362850189209,,,,poor
Trostianets,s2__composite__ndre__winter_baseline,bhattacharyya,0.0219867080450058,0.04349362850189209,,,,poor
Trostianets,s2__composite__ndvi__delta,bhattacharyya,0.0025616094935685396,0.005116701126098633,,,,poor
Trostianets,s2__composite__ndvi__post_winter_baseline,bhattacharyya,0.0066263917833566666,0.013209104537963867,,,,poor
Trostianets,s2__composite__ndvi__prebattle_baseline,bhattacharyya,0.007239975966513157,0.014427781105041504,,,,poor
Trostianets,s2__composite__ndvi__winter_baseline,bhattacharyya,0.007239975966513157,0.014427781105041504,,,,poor
Trostianets,s2__composite__ndwi__delta,bhattacharyya,0.01857748068869114,0.0368119478225708,,,,poor
Trostianets,s2__composite__ndwi__post_winter_baseline,bhattacharyya,0.011977234855294228,0.02381157875061035,,,,poor
Trostianets,s2__composite__ndwi__prebattle_baseline,bhattacharyya,0.0186111219227314,0.03687787055969238,,,,poor
Trostianets,s2__composite__ndwi__winter_baseline,bhattacharyya,0.0186111219227314,0.03687787055969238,,,,poor
Trostianets,s2__obs_count__delta,chi_square,,,0.9220019814541593,0.6306520525936783,0.0802967390612797,poor
Trostianets,s2__obs_count__post_winter_baseline,chi_square,,,0.09939967214956169,0.7525512436710321,0.02636479854739056,poor
Trostianets,s2__obs_count__prebattle_baseline,chi_square,,,0.0,1.0,0.0,poor
Trostianets,s2__obs_count__winter_baseline,chi_square,,,0.0,1.0,0.0,poor
Trostianets,s2__qa__cloud_freq__crossbattle,bhattacharyya,,,,,,poor
Trostianets,s2__qa__cloud_freq__postbattle,bhattacharyya,,,,,,poor
Trostianets,s2__qa__cloud_freq__prebattle,bhattacharyya,,,,,,poor
Trostianets,s2__visibility__clear__freq__crossbattle,bhattacharyya,0.10769470036029816,0.20419657230377197,,,,poor
Trostianets,s2__visibility__clear__freq__postbattle,bhattacharyya,,,,,,poor
Trostianets,s2__visibility__clear__freq__prebattle,bhattacharyya,,,,,,poor
Trostianets,s2__visibility__cloud__freq__crossbattle,bhattacharyya,,,,,,poor
Trostianets,s2__visibility__cloud__freq__postbattle,bhattacharyya,,,,,,poor
Trostianets,s2__visibility__cloud__freq__prebattle,bhattacharyya,,,,,,poor
Trostianets,s2__visibility__fire__freq__crossbattle,bhattacharyya,0.2271718829870224,0.40643250942230225,,,,poor
Trostianets,s2__visibility__fire__freq__postbattle,bhattacharyya,,,,,,poor
Trostianets,s2__visibility__fire__freq__prebattle,bhattacharyya,,,,,,poor
Trostianets,s2__visibility__smoke__freq__postbattle,bhattacharyya,,,,,,poor
Volnovakha,s2__obs_count__delta,chi_square,,,48.86161996744694,1.396009007542044e-10,0.1626046449064579,moderate
Volnovakha,s2__composite__b02__delta,bhattacharyya,0.09984814375638962,0.19005024433135986,,,,poor
Volnovakha,s2__composite__b02__post_winter_baseline,bhattacharyya,0.0019363586325198412,0.0038689374923706055,,,,poor
Volnovakha,s2__composite__b02__prebattle_baseline,bhattacharyya,0.12176623940467834,0.22928941249847412,,,,poor
Volnovakha,s2__composite__b02__winter_baseline,bhattacharyya,0.12176623940467834,0.22928941249847412,,,,poor
Volnovakha,s2__composite__b03__delta,bhattacharyya,0.08553331345319748,0.1639547348022461,,,,poor
Volnovakha,s2__composite__b03__post_winter_baseline,bhattacharyya,0.0016886780504137278,0.003374457359313965,,,,poor
Volnovakha,s2__composite__b03__prebattle_baseline,bhattacharyya,0.1030333936214447,0.19580626487731934,,,,poor
Volnovakha,s2__composite__b03__winter_baseline,bhattacharyya,0.1030333936214447,0.19580626487731934,,,,poor
Volnovakha,s2__composite__b04__delta,bhattacharyya,0.07511836290359497,0.14473259449005127,,,,poor
Volnovakha,s2__composite__b04__post_winter_baseline,bhattacharyya,0.001910089747980237,0.0038166046142578125,,,,poor
Volnovakha,s2__composite__b04__prebattle_baseline,bhattacharyya,0.08516966551542282,0.16328716278076172,,,,poor
Volnovakha,s2__composite__b04__winter_baseline,bhattacharyya,0.08516966551542282,0.16328716278076172,,,,poor
Volnovakha,s2__composite__b05__delta,bhattacharyya,0.0018893511733040214,0.0037752389907836914,,,,poor
Volnovakha,s2__composite__b05__post_winter_baseline,bhattacharyya,0.023166023194789886,0.04579949378967285,,,,poor
Volnovakha,s2__composite__b05__prebattle_baseline,bhattacharyya,0.06014641746878624,0.11674654483795166,,,,poor
Volnovakha,s2__composite__b05__winter_baseline,bhattacharyya,0.06014641746878624,0.11674654483795166,,,,poor
Volnovakha,s2__composite__b07__delta,bhattacharyya,0.001761511666700244,0.0035200119018554688,,,,poor
Volnovakha,s2__composite__b07__post_winter_baseline,bhattacharyya,0.0128219835460186,0.025480270385742188,,,,poor
Volnovakha,s2__composite__b07__prebattle_baseline,bhattacharyya,0.06796212494373322,0.1314082145690918,,,,poor
Volnovakha,s2__composite__b07__winter_baseline,bhattacharyya,0.06796212494373322,0.1314082145690918,,,,poor
Volnovakha,s2__composite__b08__delta,bhattacharyya,0.045462775975465775,0.0888897180557251,,,,poor
Volnovakha,s2__composite__b08__post_winter_baseline,bhattacharyya,0.00043703848496079445,0.0008738040924072266,,,,poor
Volnovakha,s2__composite__b08__prebattle_baseline,bhattacharyya,0.1079442948102951,0.2046447992324829,,,,poor
Volnovakha,s2__composite__b08__winter_baseline,bhattacharyya,0.1079442948102951,0.2046447992324829,,,,poor
Volnovakha,s2__composite__b11__delta,bhattacharyya,0.04097132757306099,0.08028662204742432,,,,poor
Volnovakha,s2__composite__b11__post_winter_baseline,bhattacharyya,0.1065102145075798,0.20206820964813232,,,,poor
Volnovakha,s2__composite__b11__prebattle_baseline,bhattacharyya,0.041400790214538574,0.08111083507537842,,,,poor
Volnovakha,s2__composite__b11__winter_baseline,bhattacharyya,0.041400790214538574,0.08111083507537842,,,,poor
Volnovakha,s2__composite__b12__delta,bhattacharyya,0.035913825035095215,0.07055318355560303,,,,poor
Volnovakha,s2__composite__b12__post_winter_baseline,bhattacharyya,0.06953375041484833,0.13434267044067383,,,,poor
Volnovakha,s2__composite__b12__prebattle_baseline,bhattacharyya,0.022456027567386627,0.044411540031433105,,,,poor
Volnovakha,s2__composite__b12__winter_baseline,bhattacharyya,0.022456027567386627,0.044411540031433105,,,,poor
Volnovakha,s2__composite__b8a__delta,bhattacharyya,0.0042158933356404305,0.008414030075073242,,,,poor
Volnovakha,s2__composite__b8a__post_winter_baseline,bhattacharyya,0.00556915020570159,0.011107325553894043,,,,poor
Volnovakha,s2__composite__b8a__prebattle_baseline,bhattacharyya,0.045894917100667953,0.08971536159515381,,,,poor
Volnovakha,s2__composite__b8a__winter_baseline,bhattacharyya,0.045894917100667953,0.08971536159515381,,,,poor
Volnovakha,s2__composite__cire__delta,bhattacharyya,0.015439828857779503,0.03064250946044922,,,,poor
Volnovakha,s2__composite__cire__post_winter_baseline,bhattacharyya,0.0031501012854278088,0.0062901973724365234,,,,poor
Volnovakha,s2__composite__cire__prebattle_baseline,bhattacharyya,0.009401706978678703,0.018715262413024902,,,,poor
Volnovakha,s2__composite__cire__winter_baseline,bhattacharyya,0.009401706978678703,0.018715262413024902,,,,poor
Volnovakha,s2__composite__mndwi__delta,bhattacharyya,0.013330074027180672,0.02648317813873291,,,,poor
Volnovakha,s2__composite__mndwi__post_winter_baseline,bhattacharyya,0.0010026973905041814,0.002004384994506836,,,,poor
Volnovakha,s2__composite__mndwi__prebattle_baseline,bhattacharyya,0.007462386507540941,0.014869332313537598,,,,poor
Volnovakha,s2__composite__mndwi__winter_baseline,bhattacharyya,0.007462386507540941,0.014869332313537598,,,,poor
Volnovakha,s2__composite__ndbi__delta,bhattacharyya,0.01248323917388916,0.024811267852783203,,,,poor
Volnovakha,s2__composite__ndbi__post_winter_baseline,bhattacharyya,0.003127889009192586,0.006245970726013184,,,,poor
Volnovakha,s2__composite__ndbi__prebattle_baseline,bhattacharyya,0.009541354142129421,0.018992066383361816,,,,poor
Volnovakha,s2__composite__ndbi__winter_baseline,bhattacharyya,0.009541354142129421,0.018992066383361816,,,,poor
Volnovakha,s2__composite__ndre__delta,bhattacharyya,0.019124530255794525,0.03788566589355469,,,,poor
Volnovakha,s2__composite__ndre__post_winter_baseline,bhattacharyya,0.003659551963210106,0.007305622100830078,,,,poor
Volnovakha,s2__composite__ndre__prebattle_baseline,bhattacharyya,0.006261136382818222,0.012483000755310059,,,,poor
Volnovakha,s2__composite__ndre__winter_baseline,bhattacharyya,0.006261136382818222,0.012483000755310059,,,,poor
Volnovakha,s2__composite__ndvi__delta,bhattacharyya,0.009348206222057343,0.01860940456390381,,,,poor
Volnovakha,s2__composite__ndvi__post_winter_baseline,bhattacharyya,0.0016682983841747046,0.0033336877822875977,,,,poor
Volnovakha,s2__composite__ndvi__prebattle_baseline,bhattacharyya,0.00017218213179148734,0.00034427642822265625,,,,poor
Volnovakha,s2__composite__ndvi__winter_baseline,bhattacharyya,0.00017218213179148734,0.00034427642822265625,,,,poor
Volnovakha,s2__composite__ndwi__delta,bhattacharyya,0.019304096698760986,0.038237810134887695,,,,poor
Volnovakha,s2__composite__ndwi__post_winter_baseline,bhattacharyya,0.0014233258552849293,0.002844691276550293,,,,poor
Volnovakha,s2__composite__ndwi__prebattle_baseline,bhattacharyya,0.00012329730088822544,0.0002466440200805664,,,,poor
Volnovakha,s2__composite__ndwi__winter_baseline,bhattacharyya,0.00012329730088822544,0.0002466440200805664,,,,poor
Volnovakha,s2__obs_count__post_winter_baseline,chi_square,,,11.72615739692379,0.00061627709158723,0.0796575374131893,poor
Volnovakha,s2__obs_count__prebattle_baseline,chi_square,,,40.312759891776075,1.7627690403435864e-09,0.1476965267387874,poor
Volnovakha,s2__obs_count__winter_baseline,chi_square,,,40.312759891776075,1.7627690403435864e-09,0.1476965267387874,poor
Volnovakha,s2__qa__cloud_freq__crossbattle,bhattacharyya,,,,,,poor
Volnovakha,s2__qa__cloud_freq__postbattle,bhattacharyya,0.12980830669403076,0.24347233772277832,,,,poor
Volnovakha,s2__qa__cloud_freq__prebattle,bhattacharyya,0.03264497220516205,0.06423580646514893,,,,poor
Volnovakha,s2__visibility__clear__freq__crossbattle,bhattacharyya,,,,,,poor
Volnovakha,s2__visibility__clear__freq__postbattle,bhattacharyya,0.06422187387943268,0.12440621852874756,,,,poor
Volnovakha,s2__visibility__clear__freq__prebattle,bhattacharyya,0.02503826469182968,0.04945492744445801,,,,poor
Volnovakha,s2__visibility__cloud__freq__crossbattle,bhattacharyya,,,,,,poor
Volnovakha,s2__visibility__cloud__freq__postbattle,bhattacharyya,0.07853258401155472,0.151056170463562,,,,poor
Volnovakha,s2__visibility__cloud__freq__prebattle,bhattacharyya,0.025879785418510437,0.05109548568725586,,,,poor
Volnovakha,s2__visibility__fire__freq__crossbattle,bhattacharyya,,,,,,poor
Volnovakha,s2__visibility__fire__freq__postbattle,bhattacharyya,,,,,,poor
Volnovakha,s2__visibility__fire__freq__prebattle,bhattacharyya,,,,,,poor
Volnovakha,s2__visibility__smoke__freq__postbattle,bhattacharyya,,,,,,poor
